/*	@(#)cAGAIN	10.1	(MASSCOMP)	edited 3/27/89, built 5/4/89	*/
#define cAGAIN_width=64
#define cAGAIN_height=16
static char cAGAIN_bits[] = {
	2,2,2,2,2,2,2,2,
	2,2,2,2,2,2,2,2,
	2,2,2,2,2,2,2,2,
	2,2,2,2,2,2,2,2,
	2,2,2,2,2,2,2,2,
	2,2,2,2,2,2,2,2,
	2,2,2,2,2,2,2,2,
	2,2,2,2,2,2,2,2,
	2,7,7,7,7,7,7,7,
	7,7,7,7,7,7,7,7,
	7,7,7,7,7,7,7,7,
	7,7,7,7,7,7,7,7,
	7,7,7,7,7,7,7,7,
	7,7,7,7,7,7,7,7,
	7,7,7,7,7,7,7,7,
	7,7,7,7,7,7,7,2,
	2,7,7,7,7,7,7,7,
	7,7,7,7,7,2,7,7,
	7,7,7,7,7,7,2,2,
	2,2,2,7,7,7,7,7,
	7,7,7,2,7,7,7,7,
	7,7,7,2,2,7,7,7,
	2,2,7,7,7,7,2,2,
	7,7,7,7,7,7,7,2,
	2,7,7,7,7,7,7,7,
	7,7,7,7,2,2,2,7,
	7,7,7,7,7,2,2,2,
	2,2,2,2,7,7,7,7,
	7,7,2,2,2,7,7,7,
	7,7,7,2,2,7,7,7,
	2,2,2,7,7,7,2,2,
	7,7,7,7,7,7,7,2,
	2,7,7,7,7,7,7,7,
	7,7,7,7,2,7,2,7,
	7,7,7,7,2,2,2,7,
	7,7,2,2,7,7,7,7,
	7,7,2,7,2,7,7,7,
	7,7,7,2,2,7,7,7,
	2,2,2,7,7,7,2,2,
	7,7,7,7,7,7,7,2,
	2,7,7,7,7,7,7,7,
	7,7,7,2,2,7,2,2,
	7,7,7,7,2,2,7,7,
	7,7,7,7,7,7,7,7,
	7,2,2,7,2,2,7,7,
	7,7,7,2,2,7,7,7,
	2,2,2,2,7,7,2,2,
	7,7,7,7,7,7,7,2,
	2,7,7,7,7,7,7,7,
	7,7,7,2,2,7,2,2,
	7,7,7,7,2,2,7,7,
	7,7,7,7,7,7,7,7,
	7,2,2,7,2,2,7,7,
	7,7,7,2,2,7,7,7,
	2,2,2,2,7,7,2,2,
	7,7,7,7,7,7,7,2,
	2,7,7,7,7,7,7,7,
	7,7,7,2,7,7,7,2,
	7,7,7,7,2,2,7,7,
	7,7,7,7,7,7,7,7,
	7,2,7,7,7,2,7,7,
	7,7,7,2,2,7,7,7,
	2,2,7,2,2,7,2,2,
	7,7,7,7,7,7,7,2,
	2,7,7,7,7,7,7,7,
	7,7,2,2,7,7,7,2,
	2,7,7,7,2,2,7,7,
	2,2,2,2,2,7,7,7,
	2,2,7,7,7,2,2,7,
	7,7,7,2,2,7,7,7,
	2,2,7,7,2,2,2,2,
	7,7,7,7,7,7,7,2,
	2,7,7,7,7,7,7,7,
	7,7,2,2,2,2,2,2,
	2,7,7,7,2,2,7,7,
	2,2,2,2,2,7,7,7,
	2,2,2,2,2,2,2,7,
	7,7,7,2,2,7,7,7,
	2,2,7,7,2,2,2,2,
	7,7,7,7,7,7,7,2,
	2,7,7,7,7,7,7,7,
	7,7,2,2,2,2,2,2,
	2,7,7,7,2,2,7,7,
	7,7,2,2,7,7,7,7,
	2,2,2,2,2,2,2,7,
	7,7,7,2,2,7,7,7,
	2,2,7,7,7,2,2,2,
	7,7,7,7,7,7,7,2,
	2,7,7,7,7,7,7,7,
	7,2,2,7,7,7,7,7,
	2,2,7,7,2,2,2,7,
	7,7,2,2,7,7,7,2,
	2,7,7,7,7,7,2,2,
	7,7,7,2,2,7,7,7,
	2,2,7,7,7,7,2,2,
	7,7,7,7,7,7,7,2,
	2,7,7,7,7,7,7,7,
	7,2,2,7,7,7,7,7,
	2,2,7,7,7,2,2,2,
	2,2,2,2,7,7,7,2,
	2,7,7,7,7,7,2,2,
	7,7,7,2,2,7,7,7,
	2,2,7,7,7,7,2,2,
	7,7,7,7,7,7,7,2,
	2,7,7,7,7,7,7,7,
	2,2,7,7,7,7,7,7,
	7,2,2,7,7,7,2,2,
	2,2,2,7,7,7,2,2,
	7,7,7,7,7,7,7,2,
	2,7,7,2,2,7,7,7,
	2,2,7,7,7,7,2,2,
	7,7,7,7,7,7,7,2,
	2,7,7,7,7,7,7,7,
	7,7,7,7,7,7,7,7,
	7,7,7,7,7,7,7,7,
	7,7,7,7,7,7,7,7,
	7,7,7,7,7,7,7,7,
	7,7,7,7,7,7,7,7,
	7,7,7,7,7,7,7,7,
	7,7,7,7,7,7,7,2,
	2,2,2,2,2,2,2,2,
	2,2,2,2,2,2,2,2,
	2,2,2,2,2,2,2,2,
	2,2,2,2,2,2,2,2,
	2,2,2,2,2,2,2,2,
	2,2,2,2,2,2,2,2,
	2,2,2,2,2,2,2,2,
	2,2,2,2,2,2,2,2,
};
