/*	@(#)cBAM	10.1	(MASSCOMP)	edited 3/27/89, built 5/4/89	*/
#define cBAM_width=64
#define cBAM_height=64
char cBAM_bits[] = {
	0,0,0,0,0,0,0,0,
	0,0,0,0,0,0,0,0,
	0,0,0,0,0,0,0,0,
	0,0,0,0,0,0,0,0,
	0,0,0,0,0,0,0,0,
	0,0,0,0,0,0,0,0,
	0,0,0,0,0,0,0,0,
	0,0,0,7,7,7,7,7,
	0,7,7,7,7,7,7,7,
	7,7,7,7,7,7,7,7,
	7,7,7,7,7,7,7,7,
	7,7,7,7,7,7,7,7,
	7,7,7,7,7,7,7,7,
	7,7,7,7,7,7,7,7,
	7,7,7,7,7,7,7,7,
	7,7,0,0,7,7,7,7,
	0,7,7,7,7,7,7,7,
	7,7,7,7,7,7,7,7,
	7,7,7,7,7,7,7,7,
	7,7,7,7,7,7,7,7,
	7,7,7,7,7,7,7,7,
	7,7,7,7,7,7,7,7,
	7,7,7,7,7,7,7,7,
	7,7,0,0,0,0,7,7,
	0,7,7,7,7,7,7,7,
	7,7,7,7,7,7,7,7,
	7,7,7,7,7,7,7,0,
	0,2,2,2,2,2,7,7,
	7,7,7,7,7,7,7,7,
	7,7,7,7,7,7,7,7,
	7,7,7,7,7,7,7,7,
	7,7,0,7,0,0,0,7,
	0,7,7,7,7,7,7,7,
	7,7,7,7,7,7,7,7,
	7,7,7,7,7,7,0,0,
	2,0,0,0,0,2,7,7,
	7,0,0,0,0,0,7,7,
	7,7,7,7,7,7,7,7,
	7,7,7,7,7,7,7,7,
	7,7,0,0,7,0,0,0,
	0,7,7,7,7,7,7,7,
	7,7,7,7,7,7,7,7,
	7,7,7,7,7,7,0,2,
	0,0,2,2,2,0,0,0,
	0,2,2,2,2,0,0,0,
	7,7,7,7,7,7,7,7,
	7,7,7,7,7,7,7,7,
	7,7,0,0,0,0,7,0,
	0,7,7,7,7,7,7,7,
	7,7,7,7,7,7,7,7,
	7,7,7,7,7,7,0,2,
	2,2,0,0,2,2,2,2,
	0,0,2,2,2,2,2,0,
	0,7,7,7,7,7,7,7,
	7,7,7,7,7,7,7,7,
	7,7,0,0,0,7,0,0,
	0,7,7,7,7,7,7,7,
	7,7,7,7,0,0,0,7,
	7,7,7,7,7,0,0,2,
	2,2,2,0,0,2,2,2,
	2,2,0,2,2,2,2,2,
	2,0,7,7,7,7,7,7,
	7,7,7,7,7,7,7,7,
	7,7,0,7,0,0,0,7,
	0,7,7,7,7,7,7,7,
	7,7,7,7,0,2,0,0,
	7,7,7,7,0,0,0,0,
	2,2,2,2,2,0,2,2,
	2,2,2,0,2,2,2,2,
	2,2,0,0,7,7,7,7,
	7,7,7,7,7,7,7,7,
	7,7,0,0,7,0,0,0,
	0,7,7,7,7,7,7,7,
	7,7,7,2,0,2,2,0,
	7,7,7,0,2,2,2,0,
	2,2,2,2,2,2,0,2,
	2,2,2,0,2,2,2,2,
	2,2,2,0,0,7,7,7,
	7,7,7,7,7,7,7,7,
	7,7,0,0,0,0,7,0,
	0,7,7,7,7,7,7,7,
	7,7,2,2,0,0,2,2,
	0,7,7,0,2,2,2,0,
	2,2,2,2,2,2,0,0,
	2,2,2,2,0,2,2,2,
	2,2,2,2,2,0,0,7,
	7,7,7,7,7,7,7,7,
	7,7,0,0,0,7,0,0,
	0,7,7,7,7,7,7,7,
	7,2,2,2,2,0,2,2,
	0,7,7,0,2,2,2,0,
	0,0,2,2,2,2,2,0,
	0,2,2,0,7,0,2,2,
	2,2,2,2,2,2,0,0,
	7,7,7,7,7,7,7,7,
	7,7,0,7,0,0,0,7,
	0,7,7,7,7,7,7,7,
	2,2,0,0,0,0,2,2,
	0,7,7,0,2,2,0,2,
	2,0,0,2,2,2,2,2,
	0,0,2,0,7,0,0,0,
	2,2,2,2,2,2,2,0,
	0,7,7,7,7,7,7,7,
	7,7,0,0,7,0,0,0,
	0,7,7,7,7,7,7,7,
	2,0,2,2,0,0,0,2,
	0,7,7,0,2,2,0,2,
	2,2,0,0,0,2,2,2,
	2,0,2,0,7,7,7,7,
	0,0,0,0,2,2,2,2,
	2,0,0,7,7,7,7,7,
	7,7,0,0,0,0,7,0,
	0,7,7,7,7,7,7,7,
	0,2,2,2,2,0,0,2,
	0,7,7,0,2,2,0,2,
	2,2,0,7,7,0,2,2,
	2,0,2,0,7,7,7,7,
	7,2,2,2,0,0,0,0,
	2,2,2,0,7,7,7,7,
	7,7,0,0,0,7,0,0,
	0,7,7,7,7,7,7,7,
	0,2,2,2,2,2,0,0,
	2,0,7,0,2,2,0,2,
	2,2,0,7,7,7,0,0,
	2,2,0,0,7,7,7,7,
	7,7,2,2,2,2,7,7,
	0,0,0,0,0,7,7,7,
	7,7,0,7,0,0,0,7,
	0,7,7,7,7,7,7,7,
	0,2,2,2,2,2,0,0,
	0,0,7,0,2,2,0,2,
	2,0,0,7,7,7,7,0,
	0,2,2,0,7,7,7,7,
	7,7,7,7,7,7,7,7,
	7,7,7,7,7,7,7,7,
	7,7,0,0,7,0,0,0,
	0,7,7,7,7,7,7,0,
	0,2,2,2,2,2,0,7,
	0,0,7,0,0,2,0,2,
	2,0,7,7,7,7,7,7,
	0,0,2,0,7,7,7,7,
	7,7,7,7,7,7,7,7,
	7,7,7,7,7,7,7,7,
	7,7,0,0,0,0,7,0,
	0,7,7,7,7,7,7,0,
	0,2,2,2,2,2,0,7,
	7,0,7,2,2,2,0,2,
	2,0,0,7,7,7,7,7,
	7,0,2,0,7,7,7,7,
	7,7,7,7,7,7,7,7,
	7,7,7,7,7,7,7,7,
	7,7,0,0,0,7,0,0,
	0,7,7,7,7,7,0,0,
	0,2,2,2,2,0,7,7,
	7,7,7,0,2,0,2,2,
	2,0,0,7,7,7,7,7,
	7,0,0,7,7,7,7,7,
	7,7,7,7,7,7,7,7,
	7,7,7,7,7,7,7,7,
	7,7,0,7,0,0,0,7,
	0,7,7,7,7,0,0,2,
	0,2,2,2,2,0,7,7,
	7,7,7,0,2,0,2,2,
	0,0,3,0,7,7,7,7,
	7,7,0,7,7,7,7,7,
	7,7,7,7,7,7,7,7,
	7,7,7,7,7,7,7,7,
	7,7,0,0,7,0,0,0,
	0,7,7,7,7,0,2,2,
	0,2,2,2,0,7,7,7,
	7,7,7,0,2,0,0,2,
	0,3,3,0,0,7,7,7,
	7,7,7,7,7,7,7,7,
	7,7,7,7,7,7,7,7,
	7,7,2,7,7,7,7,7,
	7,7,0,0,0,0,7,0,
	0,7,7,7,0,2,0,0,
	0,2,2,2,0,7,7,7,
	7,7,7,0,2,2,0,0,
	3,3,3,3,0,0,7,7,
	7,7,7,7,7,7,7,7,
	7,7,7,7,7,7,2,0,
	0,0,0,0,0,7,7,7,
	7,7,0,0,0,7,0,0,
	0,7,7,0,0,0,7,7,
	0,2,2,0,7,7,7,7,
	7,7,7,0,2,2,2,0,
	3,3,3,3,3,0,0,7,
	7,7,7,7,7,7,7,7,
	7,7,7,7,7,0,0,2,
	2,2,2,2,2,0,7,7,
	7,7,0,7,0,0,0,7,
	0,7,7,7,7,7,7,7,
	0,2,2,0,7,7,7,7,
	7,7,7,0,2,0,0,0,
	0,3,3,3,3,3,0,0,
	7,7,7,7,7,7,7,7,
	7,7,7,0,0,2,2,2,
	2,0,0,0,0,0,0,7,
	7,7,0,0,7,0,0,0,
	0,7,7,7,7,7,7,7,
	0,2,0,7,7,7,7,7,
	7,7,0,2,2,0,7,7,
	0,3,3,3,3,3,3,0,
	0,7,7,7,7,7,7,7,
	7,0,2,2,2,0,0,0,
	2,0,7,7,7,7,7,7,
	7,7,0,0,0,0,7,0,
	0,7,7,7,7,7,7,0,
	0,2,0,7,7,7,7,7,
	7,7,0,2,0,0,7,7,
	0,3,3,3,3,3,3,0,
	0,7,7,7,7,7,7,7,
	0,0,2,0,2,2,2,2,
	0,7,7,7,7,7,7,7,
	7,7,0,0,0,7,0,0,
	0,7,7,7,7,7,7,0,
	2,0,0,7,7,7,7,7,
	7,7,0,0,0,7,7,7,
	0,0,0,0,0,0,0,0,
	7,7,7,7,7,7,7,7,
	0,2,2,2,0,0,2,2,
	2,0,7,7,7,7,7,7,
	7,7,0,7,0,0,0,7,
	0,7,7,7,7,7,7,0,
	2,0,7,7,7,7,7,7,
	7,0,0,7,7,7,7,7,
	0,0,3,3,3,3,3,0,
	7,7,7,7,7,7,2,2,
	0,2,2,2,2,0,2,2,
	2,0,0,7,7,7,7,7,
	7,7,0,0,7,0,0,0,
	0,7,7,7,7,7,7,0,
	0,7,7,7,7,7,7,7,
	7,7,7,7,7,7,7,7,
	7,0,0,3,3,3,3,0,
	0,7,7,7,7,7,2,0,
	0,2,2,2,2,0,0,2,
	2,2,2,0,7,7,7,7,
	7,7,0,0,0,0,7,0,
	0,7,7,7,7,7,0,0,
	7,7,7,7,7,7,7,7,
	7,7,7,7,7,7,7,7,
	7,7,0,3,3,3,3,3,
	0,7,7,7,7,2,0,2,
	0,0,2,2,2,0,2,2,
	2,2,2,0,7,7,7,7,
	7,7,0,0,0,7,0,0,
	0,7,7,7,7,0,0,7,
	7,7,7,7,7,7,7,7,
	7,7,7,7,7,7,7,7,
	7,7,0,3,3,3,3,3,
	3,0,7,7,7,2,0,2,
	2,0,2,2,2,0,2,2,
	2,2,2,2,0,7,7,7,
	7,7,0,7,0,0,0,7,
	0,7,7,7,7,7,7,7,
	7,7,7,7,7,7,7,7,
	7,7,7,7,7,7,7,7,
	7,7,0,3,3,3,3,3,
	3,0,7,7,7,7,0,2,
	2,0,2,2,2,2,0,0,
	2,2,2,2,0,7,7,7,
	7,7,0,0,7,0,0,0,
	0,7,7,7,7,7,7,7,
	7,7,7,7,7,7,7,7,
	7,7,7,7,7,7,7,7,
	7,7,0,0,3,3,3,3,
	3,0,7,7,7,2,0,0,
	2,2,0,2,2,2,2,0,
	2,2,2,2,0,7,7,7,
	7,7,0,0,0,0,7,0,
	0,7,7,7,7,7,7,7,
	7,7,7,7,7,7,7,7,
	7,7,7,7,7,7,7,7,
	7,7,7,0,3,3,3,3,
	3,0,7,7,7,7,2,0,
	0,2,0,0,2,2,2,2,
	0,2,2,2,0,7,7,7,
	7,7,0,0,0,7,0,0,
	0,7,7,7,7,7,7,7,
	7,7,7,7,7,7,7,7,
	7,7,7,7,7,7,7,7,
	7,7,7,0,0,3,3,3,
	3,3,0,7,7,7,7,2,
	0,2,0,0,0,2,2,2,
	0,2,2,2,0,7,7,7,
	7,7,0,7,0,0,0,7,
	0,7,7,7,1,1,1,7,
	7,7,7,7,7,1,7,7,
	7,1,7,7,7,7,1,7,
	7,7,7,7,0,3,3,3,
	3,3,3,0,0,7,7,2,
	0,0,0,3,0,2,2,2,
	2,0,2,2,0,7,7,7,
	7,7,0,0,7,0,0,0,
	0,7,7,7,1,7,7,1,
	7,7,7,7,7,1,7,7,
	7,1,7,7,7,7,1,7,
	7,7,7,7,0,3,3,0,
	0,0,0,7,0,7,7,7,
	0,0,3,0,0,0,2,2,
	2,0,2,2,0,7,7,7,
	7,7,0,0,0,0,7,0,
	0,7,7,7,1,7,7,1,
	7,7,7,7,1,7,1,7,
	7,1,1,7,7,1,1,7,
	7,7,7,0,0,0,0,3,
	3,3,3,0,0,7,7,7,
	0,0,0,0,7,0,0,2,
	2,0,2,0,7,7,7,7,
	7,7,0,0,0,7,0,0,
	0,7,7,7,1,7,7,1,
	7,7,7,7,1,7,1,7,
	7,1,1,7,7,1,1,7,
	7,7,7,0,0,3,3,3,
	3,3,3,0,7,7,7,0,
	0,3,0,7,7,7,0,2,
	2,0,2,0,7,7,7,7,
	7,7,0,7,0,0,0,7,
	0,7,7,7,1,1,1,1,
	7,7,7,7,1,7,1,7,
	7,1,7,1,1,7,1,7,
	7,7,7,7,0,3,3,3,
	3,3,3,0,7,7,7,0,
	3,3,0,7,7,7,7,0,
	2,2,0,0,7,7,7,7,
	7,7,0,0,7,0,0,0,
	0,7,7,7,1,7,7,7,
	1,7,7,1,7,7,7,1,
	7,1,7,1,1,7,1,7,
	7,7,7,7,0,3,3,3,
	3,3,3,0,0,7,7,0,
	3,3,0,7,7,7,7,2,
	0,2,0,7,7,7,7,7,
	7,7,0,0,0,0,7,0,
	0,7,7,7,1,7,7,7,
	1,7,7,1,1,1,1,1,
	7,1,7,7,7,7,1,7,
	7,7,7,7,0,0,3,3,
	3,3,3,3,0,7,0,0,
	3,0,0,7,7,7,7,7,
	0,2,0,7,7,7,7,7,
	7,7,0,0,0,7,0,0,
	0,7,7,7,1,7,7,7,
	1,7,7,1,7,7,7,1,
	7,1,7,7,7,7,1,7,
	7,7,7,7,7,0,3,3,
	3,3,3,3,0,7,0,0,
	0,0,7,7,7,7,7,7,
	0,2,0,7,7,7,7,7,
	7,7,0,7,0,0,0,7,
	0,7,7,7,1,1,1,1,
	7,7,7,1,7,7,7,1,
	7,1,7,7,7,7,1,7,
	7,7,7,7,7,0,3,3,
	3,3,3,3,0,0,0,3,
	3,0,7,7,7,7,7,7,
	7,0,0,7,7,7,7,7,
	7,7,0,0,7,0,0,0,
	0,7,7,7,7,7,7,7,
	7,7,7,7,7,7,7,7,
	7,7,7,7,7,7,7,7,
	7,7,7,7,7,0,3,3,
	3,3,0,0,0,0,3,3,
	0,0,7,7,7,7,7,7,
	7,0,0,7,7,7,7,7,
	7,7,0,0,0,0,7,0,
	0,7,7,7,7,7,7,7,
	7,7,7,7,7,7,7,7,
	7,7,7,7,7,7,7,7,
	7,7,7,7,0,0,0,0,
	0,0,3,3,0,0,3,3,
	0,7,7,7,7,7,7,7,
	7,0,2,7,7,7,7,7,
	7,7,0,0,0,7,0,0,
	0,7,7,7,1,1,1,7,
	7,7,7,7,1,1,1,7,
	7,7,7,1,1,1,7,7,
	7,7,7,7,7,0,3,3,
	3,3,3,3,0,3,3,3,
	0,7,7,7,7,7,7,7,
	7,0,2,7,7,7,7,7,
	7,7,0,7,0,0,0,7,
	0,7,7,7,1,7,7,1,
	7,7,7,1,7,7,7,1,
	7,7,1,7,7,7,1,7,
	7,7,7,7,7,0,3,3,
	3,3,3,3,3,0,0,0,
	0,7,7,7,7,7,7,7,
	7,0,7,7,7,7,7,7,
	7,7,0,0,7,0,0,0,
	0,7,7,7,1,7,7,1,
	7,7,7,1,7,7,7,1,
	7,7,1,7,7,7,1,7,
	7,7,7,7,7,0,0,3,
	3,3,3,3,3,0,7,0,
	0,7,7,7,7,7,7,7,
	7,7,7,7,7,7,7,7,
	7,7,0,0,0,0,7,0,
	0,7,7,7,1,7,7,1,
	7,7,7,1,7,7,7,1,
	7,7,1,7,7,7,1,7,
	7,7,7,7,7,7,0,3,
	3,3,3,3,3,0,7,0,
	7,7,7,7,7,7,7,7,
	7,7,7,7,7,7,7,7,
	7,7,0,0,0,7,0,0,
	0,7,7,7,1,1,1,1,
	7,7,7,1,7,7,7,1,
	7,7,1,7,7,7,1,7,
	7,7,7,7,7,7,0,3,
	3,3,3,3,3,0,7,0,
	7,7,7,7,7,7,7,7,
	7,7,7,7,7,7,7,7,
	7,7,0,7,0,0,0,7,
	0,7,7,7,1,7,7,7,
	1,7,7,1,7,7,7,1,
	7,7,1,7,7,7,1,7,
	7,7,7,7,7,0,3,3,
	3,3,3,3,3,0,7,0,
	7,7,7,7,7,7,7,7,
	7,7,7,7,7,7,7,7,
	7,7,0,0,7,0,0,0,
	0,7,7,7,1,7,7,7,
	1,7,7,1,7,7,7,1,
	7,7,1,7,7,7,1,7,
	7,7,7,7,7,0,3,0,
	0,0,0,3,3,3,0,7,
	7,7,7,7,7,7,7,7,
	7,7,7,7,7,7,7,7,
	7,7,0,0,0,0,7,0,
	0,7,7,7,1,7,7,7,
	1,7,7,1,7,7,7,1,
	7,7,1,7,7,7,1,7,
	7,7,7,7,7,0,0,7,
	7,7,0,0,0,3,0,7,
	7,7,7,7,7,7,7,7,
	7,7,7,7,7,7,7,7,
	7,7,0,0,0,7,0,0,
	0,7,7,7,1,1,1,1,
	7,7,7,7,1,1,1,7,
	7,7,7,1,1,1,7,7,
	7,7,7,7,0,7,7,7,
	7,7,7,7,0,0,0,7,
	7,7,7,7,7,7,7,7,
	7,7,7,7,7,7,7,7,
	7,7,0,7,0,0,0,7,
	0,7,7,7,7,7,7,7,
	7,7,7,7,7,7,7,7,
	7,7,7,7,7,7,7,7,
	7,7,7,7,7,7,7,7,
	7,7,7,7,7,7,7,7,
	7,7,7,7,7,7,7,7,
	7,7,7,7,7,7,7,7,
	7,7,0,0,7,0,0,0,
	0,7,7,7,7,7,7,7,
	7,7,7,7,7,7,7,7,
	7,7,7,7,7,7,7,7,
	7,7,7,7,7,7,7,7,
	7,7,7,7,7,7,7,7,
	7,7,7,7,7,7,7,7,
	7,7,7,7,7,7,7,7,
	7,7,0,0,0,0,7,0,
	0,7,7,7,7,7,7,7,
	7,7,7,7,7,7,7,7,
	7,7,7,7,7,7,7,7,
	7,7,7,7,7,7,7,7,
	7,7,7,7,7,7,7,7,
	7,7,7,7,7,7,7,7,
	7,7,7,7,7,7,7,7,
	7,7,0,0,0,7,0,0,
	0,0,0,0,0,0,0,0,
	0,0,0,0,0,0,0,0,
	0,0,0,0,0,0,0,0,
	0,0,0,0,0,0,0,0,
	0,0,0,0,0,0,0,0,
	0,0,0,0,0,0,0,0,
	0,0,0,0,0,0,0,0,
	0,0,0,7,0,0,0,7,
	7,0,7,7,0,7,7,7,
	0,7,7,7,0,7,7,7,
	0,7,7,7,0,7,7,7,
	0,7,7,7,0,7,7,7,
	0,7,7,7,0,7,7,7,
	0,7,7,7,0,7,7,7,
	0,7,7,7,0,7,7,7,
	0,7,7,0,0,7,7,0,
	7,7,0,7,7,7,0,7,
	7,7,0,7,7,7,0,7,
	7,7,0,7,7,7,0,7,
	7,7,0,7,7,7,0,7,
	7,7,0,7,7,7,0,7,
	7,7,0,7,7,7,0,7,
	7,7,0,7,7,7,0,7,
	7,7,0,7,0,0,0,0,
	7,7,7,0,7,0,7,7,
	7,0,7,7,7,0,7,7,
	7,0,7,7,7,0,7,7,
	7,0,7,7,7,0,7,7,
	7,0,7,7,7,0,7,7,
	7,0,7,7,7,0,7,7,
	7,0,7,7,7,0,7,7,
	7,0,7,7,7,0,0,0,
	7,7,7,7,0,7,7,0,
	7,7,7,0,7,7,7,0,
	7,7,7,0,7,7,7,0,
	7,7,7,0,7,7,7,0,
	7,7,7,0,7,7,7,0,
	7,7,7,0,7,7,7,0,
	7,7,7,0,7,7,7,0,
	7,7,7,0,7,7,7,0,
};
