/*	@(#)cDOT1	10.1	(MASSCOMP)	edited 3/27/89, built 5/4/89	*/
#define cDOT1_width=64
#define cDOT1_height=64
 char cDOT1_bits[] = {
	0,0,0,0,0,0,0,0,
	0,0,0,0,0,0,0,0,
	0,0,0,0,0,0,0,0,
	0,0,0,0,0,0,0,0,
	0,0,0,0,0,0,0,0,
	0,0,0,0,0,0,0,0,
	0,0,0,0,0,0,0,0,
	0,0,0,7,7,7,7,7,
	0,7,7,7,7,7,7,7,
	7,7,7,7,7,7,7,7,
	7,7,7,7,7,7,7,7,
	7,7,7,7,7,7,7,7,
	7,7,7,7,7,7,7,7,
	7,7,7,7,7,7,7,7,
	7,7,7,7,7,7,7,7,
	7,7,0,0,7,7,7,7,
	0,7,7,7,7,7,7,7,
	7,7,7,7,7,7,7,7,
	7,7,7,7,7,7,7,7,
	7,7,7,7,7,7,7,7,
	7,7,7,7,7,7,7,7,
	7,7,7,7,7,7,7,7,
	7,7,7,7,7,7,7,7,
	7,7,0,0,0,0,7,7,
	0,7,7,7,7,7,7,7,
	7,7,7,7,7,7,7,7,
	7,7,7,7,7,7,7,7,
	7,7,7,7,7,7,7,7,
	7,7,7,7,7,7,7,7,
	7,7,7,7,7,7,7,7,
	7,7,7,7,1,1,7,7,
	7,7,0,7,0,0,0,7,
	0,7,7,7,7,7,7,7,
	7,7,7,7,7,7,7,7,
	7,7,7,7,7,7,7,7,
	7,7,7,7,7,7,7,7,
	7,7,7,7,7,7,7,7,
	7,7,7,7,7,7,7,7,
	7,7,7,1,1,1,7,7,
	7,7,0,0,7,0,0,0,
	0,7,7,7,7,7,7,7,
	7,7,7,7,7,7,7,7,
	7,7,7,7,7,7,7,7,
	7,7,7,7,7,7,7,7,
	7,7,7,7,7,7,7,7,
	7,7,7,7,7,7,7,7,
	7,7,1,1,1,1,7,7,
	7,7,0,0,0,0,7,0,
	0,7,7,7,7,7,7,7,
	7,7,7,7,7,7,7,7,
	7,7,7,7,7,7,7,7,
	7,7,7,7,7,7,7,7,
	7,7,7,7,7,7,7,7,
	7,7,7,7,7,7,7,7,
	7,7,7,7,1,1,7,7,
	7,7,0,0,0,7,0,0,
	0,7,7,7,7,7,7,7,
	7,7,7,7,7,7,7,7,
	7,7,7,7,7,7,7,7,
	7,0,0,0,0,0,0,0,
	0,0,7,7,7,7,7,7,
	7,7,7,7,7,7,7,7,
	7,7,7,7,1,1,7,7,
	7,7,0,7,0,0,0,7,
	0,7,7,7,7,7,7,7,
	7,7,7,7,7,7,7,7,
	7,7,7,7,7,7,0,0,
	0,7,7,7,7,7,7,7,
	7,7,0,0,0,7,7,7,
	7,7,7,7,7,7,7,7,
	7,7,7,7,1,1,7,7,
	7,7,0,0,7,0,0,0,
	0,7,7,7,7,7,7,7,
	7,7,7,7,7,7,7,7,
	7,7,7,0,0,0,7,7,
	7,4,4,4,4,4,4,4,
	4,4,7,7,7,0,0,0,
	7,7,7,7,7,7,7,7,
	7,7,7,7,1,1,7,7,
	7,7,0,0,0,0,7,0,
	0,7,7,7,7,7,7,7,
	7,7,7,7,7,7,7,7,
	7,7,0,7,7,7,4,4,
	4,7,7,7,7,4,7,7,
	7,7,4,4,4,7,7,7,
	0,7,7,7,7,7,7,7,
	7,7,7,7,1,1,7,7,
	7,7,0,0,0,7,0,0,
	0,7,7,7,7,7,7,7,
	7,7,7,7,7,7,7,7,
	0,0,7,7,4,4,7,7,
	4,7,7,7,7,4,7,7,
	7,7,4,7,7,4,4,7,
	7,0,0,7,7,7,7,7,
	7,7,1,1,1,1,1,1,
	7,7,0,7,0,0,0,7,
	0,7,7,7,7,7,7,7,
	7,7,7,7,7,7,7,0,
	7,7,4,4,7,7,7,7,
	4,7,7,7,7,4,7,7,
	7,7,4,7,7,7,7,4,
	4,7,7,0,7,7,7,7,
	7,7,7,7,7,7,7,7,
	7,7,0,0,7,0,0,0,
	0,7,7,7,7,7,7,7,
	7,7,7,7,7,7,0,7,
	7,4,4,7,7,7,7,7,
	4,7,7,7,7,4,7,7,
	7,7,4,7,7,7,7,7,
	4,4,7,7,0,7,7,7,
	7,7,7,7,7,7,7,7,
	7,7,0,0,0,0,7,0,
	0,7,7,7,7,7,7,7,
	7,7,7,7,7,0,7,7,
	4,7,4,7,7,7,7,7,
	7,4,7,7,7,4,7,7,
	7,4,7,7,7,7,7,7,
	4,7,4,7,7,0,7,7,
	7,7,7,7,7,7,7,7,
	7,7,0,0,0,7,0,0,
	0,7,7,7,7,7,7,7,
	7,7,7,7,0,7,7,4,
	7,7,7,4,7,7,7,7,
	7,4,7,7,7,4,7,7,
	7,4,7,7,7,7,7,4,
	7,7,7,4,7,7,0,7,
	7,7,7,7,7,7,7,7,
	7,7,0,7,0,0,0,7,
	0,7,7,7,7,7,7,7,
	7,7,7,0,7,7,4,7,
	7,7,7,7,4,7,7,7,
	7,4,7,7,7,4,7,7,
	7,4,7,7,7,7,4,7,
	7,7,7,7,4,7,7,0,
	7,7,7,7,7,7,7,7,
	7,7,0,0,7,0,0,0,
	0,7,7,7,7,7,7,7,
	7,7,7,0,7,4,4,7,
	7,7,7,7,4,7,7,7,
	7,7,4,4,4,4,4,4,
	4,7,7,7,7,7,4,7,
	7,7,7,7,7,4,7,0,
	7,7,7,7,7,7,7,7,
	7,7,0,0,0,0,7,0,
	0,7,7,7,7,7,7,7,
	7,7,0,7,4,7,4,4,
	7,7,7,7,7,4,7,7,
	4,4,7,7,7,7,7,7,
	7,4,4,4,7,4,7,7,
	7,7,7,4,4,4,4,7,
	0,7,7,7,7,7,7,7,
	7,7,0,0,0,7,0,0,
	0,7,7,7,7,7,7,7,
	7,0,7,7,4,7,7,4,
	4,7,7,7,7,7,4,4,
	7,7,1,1,1,1,1,1,
	1,7,7,4,4,7,7,7,
	7,7,7,4,7,7,4,7,
	7,0,7,7,7,7,7,7,
	7,7,0,7,0,0,0,7,
	0,7,7,7,7,7,7,7,
	7,0,7,4,7,7,7,7,
	7,4,4,7,7,4,7,7,
	1,1,1,7,7,7,7,7,
	1,1,1,7,7,4,7,7,
	7,4,4,7,7,7,7,4,
	7,0,7,7,7,7,7,7,
	7,7,0,0,7,0,0,0,
	0,7,7,7,7,7,7,7,
	7,0,7,4,7,7,7,7,
	7,7,4,4,4,7,7,1,
	7,1,7,7,7,7,7,7,
	7,1,7,1,7,7,4,7,
	4,4,7,7,7,7,7,4,
	7,0,7,7,7,7,7,7,
	7,7,0,0,0,0,7,0,
	0,7,7,7,7,7,7,7,
	0,7,4,7,7,7,7,7,
	7,7,7,4,7,7,1,7,
	7,1,7,7,7,7,7,7,
	7,1,7,7,1,7,7,4,
	4,7,7,7,7,7,7,7,
	4,7,0,7,7,7,7,7,
	7,7,0,0,0,7,0,0,
	0,7,7,7,7,7,7,7,
	0,7,4,7,7,7,7,7,
	7,7,7,4,7,1,1,1,
	1,1,7,7,7,7,7,7,
	7,1,1,1,1,1,7,4,
	7,7,7,7,7,7,7,7,
	4,7,0,7,7,7,7,7,
	7,7,0,7,0,0,0,7,
	0,7,7,7,7,7,7,7,
	0,7,4,4,4,4,7,7,
	7,7,4,7,1,7,7,7,
	7,7,1,7,7,7,7,7,
	1,7,7,7,7,7,1,7,
	4,7,7,7,7,4,4,4,
	4,7,0,7,7,7,7,7,
	7,7,0,0,7,0,0,0,
	0,7,7,7,7,7,7,0,
	7,4,7,7,7,7,4,4,
	4,4,4,7,1,7,7,7,
	7,7,7,1,7,7,7,1,
	7,7,7,7,7,7,1,7,
	4,7,4,4,4,7,7,7,
	7,4,7,0,7,7,7,7,
	7,7,0,0,0,0,7,0,
	0,7,7,7,7,7,7,0,
	7,4,7,7,7,7,7,7,
	7,4,7,1,7,7,7,7,
	7,7,7,7,1,1,1,7,
	7,7,7,7,7,7,7,1,
	7,4,7,7,7,7,7,7,
	7,4,7,0,7,7,7,7,
	7,7,0,0,0,7,0,0,
	0,7,7,7,7,7,7,0,
	7,4,7,7,7,7,7,7,
	7,4,7,1,7,7,7,7,
	7,7,7,1,7,7,7,1,
	7,7,7,7,7,7,7,1,
	7,4,7,7,7,7,7,7,
	7,4,7,0,7,7,7,7,
	7,7,0,7,0,0,0,7,
	0,7,7,7,7,7,7,0,
	7,4,7,7,7,7,7,7,
	7,4,7,1,7,7,7,7,
	7,7,1,7,7,1,7,7,
	1,7,7,7,7,7,7,1,
	7,4,7,7,7,7,7,7,
	7,4,7,0,7,7,7,7,
	7,7,0,0,7,0,0,0,
	0,7,7,7,7,7,7,0,
	7,4,4,4,4,4,4,4,
	4,4,7,1,7,7,7,7,
	7,7,1,7,1,7,1,7,
	1,7,7,7,7,7,7,1,
	7,4,4,4,4,4,4,4,
	4,4,7,0,7,7,7,7,
	7,7,0,0,0,0,7,0,
	0,7,7,7,7,7,7,0,
	7,4,7,7,7,7,7,7,
	7,4,7,1,1,7,7,7,
	7,1,1,7,7,1,7,7,
	1,1,7,7,7,7,1,1,
	7,4,7,7,7,7,7,7,
	7,4,7,0,7,7,7,7,
	7,7,0,0,0,7,0,0,
	0,7,7,7,7,7,7,0,
	7,4,7,7,7,7,7,7,
	7,4,7,1,7,1,1,1,
	1,7,7,1,7,7,7,1,
	7,7,1,1,1,1,7,1,
	7,4,7,7,7,7,7,7,
	7,4,7,0,7,7,7,7,
	7,7,0,7,0,0,0,7,
	0,7,7,7,7,7,7,0,
	7,4,7,7,7,7,7,7,
	7,4,7,1,7,7,1,7,
	7,7,7,7,1,1,1,7,
	7,7,7,7,1,7,7,1,
	7,4,7,7,7,7,7,7,
	7,4,7,0,7,7,7,7,
	7,7,0,0,7,0,0,0,
	0,7,7,7,7,7,7,0,
	7,4,7,7,7,4,4,4,
	4,7,4,7,1,1,7,7,
	7,7,7,7,7,1,7,7,
	7,7,7,7,7,1,1,7,
	4,7,4,4,4,7,7,7,
	7,4,7,0,7,7,7,7,
	7,7,0,0,0,0,7,0,
	0,7,7,7,7,7,7,7,
	0,7,4,4,4,7,7,7,
	7,7,4,7,1,1,7,7,
	7,7,7,7,7,1,7,7,
	7,7,7,7,7,1,1,7,
	4,7,7,7,7,4,4,4,
	4,7,0,7,7,7,7,7,
	7,7,0,0,0,7,0,0,
	0,7,7,7,7,7,7,7,
	0,7,4,7,7,7,7,7,
	7,7,7,4,7,1,7,7,
	7,7,7,7,7,1,7,7,
	7,7,7,7,7,1,7,4,
	7,7,7,7,7,7,7,7,
	4,7,0,7,7,7,7,7,
	7,7,0,7,0,0,0,7,
	0,7,7,7,7,7,7,7,
	0,7,4,7,7,7,7,7,
	7,7,7,4,7,7,1,7,
	7,7,7,7,7,1,7,7,
	7,7,7,7,1,7,7,4,
	7,7,7,7,7,7,7,7,
	4,7,0,7,7,7,7,7,
	7,7,0,0,7,0,0,0,
	0,7,7,7,7,7,7,7,
	7,0,7,4,7,7,7,7,
	7,7,4,7,4,7,7,1,
	7,7,7,7,1,7,1,7,
	7,7,7,1,7,7,4,7,
	4,7,7,7,7,7,7,4,
	7,0,7,7,7,7,7,7,
	7,7,0,0,0,0,7,0,
	0,7,7,7,7,7,7,7,
	7,0,7,4,7,7,7,7,
	4,4,7,7,7,4,7,7,
	1,1,7,1,7,7,7,1,
	7,1,1,7,7,4,7,7,
	7,4,7,7,7,7,7,4,
	7,0,7,7,7,7,7,7,
	7,7,0,0,0,7,0,0,
	0,7,7,7,7,7,7,7,
	7,0,7,7,4,7,7,4,
	7,7,7,7,7,7,4,4,
	7,7,1,1,1,1,1,1,
	1,7,7,4,4,7,7,7,
	7,7,4,7,7,7,4,7,
	7,0,7,7,7,7,7,7,
	7,7,0,7,0,0,0,7,
	0,7,7,7,7,7,7,7,
	7,7,0,7,4,7,4,4,
	7,7,7,7,7,4,7,7,
	4,4,7,7,7,7,7,7,
	7,4,4,7,7,4,7,7,
	7,7,7,4,4,7,4,7,
	0,7,7,7,7,7,7,7,
	7,7,0,0,7,0,0,0,
	0,7,7,7,7,7,7,7,
	7,7,7,0,7,4,7,7,
	7,7,7,7,4,7,7,7,
	7,7,4,4,4,4,4,4,
	4,7,7,7,7,7,4,7,
	7,7,7,7,4,4,7,0,
	7,7,7,7,7,7,7,7,
	7,7,0,0,0,0,7,0,
	0,7,7,7,7,7,7,7,
	7,7,7,0,7,7,4,7,
	7,7,7,7,4,7,7,7,
	7,4,7,7,7,4,7,7,
	7,4,7,7,7,7,4,7,
	7,7,7,7,4,7,7,0,
	7,7,7,7,7,7,7,7,
	7,7,0,0,0,7,0,0,
	0,7,7,7,7,7,7,7,
	7,7,7,7,0,7,7,4,
	7,7,7,4,7,7,7,7,
	7,4,7,7,7,4,7,7,
	7,4,7,7,7,7,7,4,
	7,7,7,4,7,7,0,7,
	7,7,7,7,7,7,7,7,
	7,7,0,7,0,0,0,7,
	0,7,7,7,7,7,7,7,
	7,7,7,7,7,0,7,7,
	4,7,7,4,7,7,7,7,
	7,4,7,7,7,4,7,7,
	7,4,7,7,7,7,7,4,
	7,7,4,7,7,0,7,7,
	7,7,7,7,7,7,7,7,
	7,7,0,0,7,0,0,0,
	0,7,7,7,7,7,7,7,
	7,7,7,7,7,7,0,7,
	7,4,4,7,7,7,7,7,
	4,7,7,7,7,4,7,7,
	7,7,4,7,7,7,7,7,
	4,4,7,7,0,7,7,7,
	7,7,7,7,7,7,7,7,
	7,7,0,0,0,0,7,0,
	0,7,7,7,7,7,7,7,
	7,7,7,7,7,7,7,0,
	7,7,4,4,7,7,7,7,
	4,7,7,7,7,4,7,7,
	7,7,4,7,7,7,7,4,
	4,7,7,0,7,7,7,7,
	7,7,7,7,7,7,7,7,
	7,7,0,0,0,7,0,0,
	0,7,7,7,7,7,7,7,
	7,7,7,7,7,7,7,7,
	0,0,7,7,4,4,7,7,
	4,7,7,7,7,4,7,7,
	7,7,4,7,7,4,4,7,
	7,0,0,7,7,7,7,7,
	7,7,7,7,7,7,7,7,
	7,7,0,7,0,0,0,7,
	0,7,7,7,7,7,7,7,
	7,7,7,7,7,7,7,7,
	7,7,0,7,7,7,4,4,
	4,7,7,7,7,4,7,7,
	7,7,4,4,4,7,7,7,
	0,7,7,7,7,7,7,7,
	7,7,7,7,7,7,7,7,
	7,7,0,0,7,0,0,0,
	0,7,7,7,7,7,7,7,
	7,7,7,7,7,7,7,7,
	7,7,7,0,0,0,7,7,
	7,4,4,4,4,4,4,4,
	4,4,7,7,7,0,0,0,
	7,7,7,7,7,7,7,7,
	7,7,7,7,7,7,7,7,
	7,7,0,0,0,0,7,0,
	0,7,7,7,7,7,7,7,
	7,7,7,7,7,7,7,7,
	7,7,7,7,7,7,0,0,
	0,7,7,7,7,7,7,7,
	7,7,0,0,0,7,7,7,
	7,7,7,7,7,7,7,7,
	7,7,7,7,7,7,7,7,
	7,7,0,0,0,7,0,0,
	0,7,7,7,7,7,7,7,
	7,7,7,7,7,7,7,7,
	7,7,7,7,7,7,7,7,
	7,0,0,0,0,0,0,0,
	0,0,7,7,7,7,7,7,
	7,7,7,7,7,7,7,7,
	7,7,7,7,7,7,7,7,
	7,7,0,7,0,0,0,7,
	0,7,7,7,7,7,7,7,
	7,7,7,7,7,7,7,7,
	7,7,7,7,7,7,7,7,
	7,7,7,7,7,7,7,7,
	7,7,7,7,7,7,7,7,
	7,7,7,7,7,7,7,7,
	7,7,7,7,7,7,7,7,
	7,7,0,0,7,0,0,0,
	0,7,7,7,7,7,7,7,
	7,7,7,7,7,7,7,7,
	7,7,7,7,7,7,7,7,
	7,7,7,7,7,7,7,7,
	7,7,7,7,7,7,7,7,
	7,7,7,7,7,7,7,7,
	7,7,7,7,7,7,7,7,
	7,7,0,0,0,0,7,0,
	0,7,7,7,7,7,7,7,
	7,7,7,7,7,7,7,7,
	7,7,7,7,7,7,7,7,
	7,7,7,7,7,7,7,7,
	7,7,7,7,7,7,7,7,
	7,7,7,7,7,7,7,7,
	7,7,7,7,7,7,7,7,
	7,7,0,0,0,7,0,0,
	0,7,7,7,7,7,7,7,
	7,7,7,7,7,7,7,7,
	7,7,7,7,7,7,7,7,
	7,7,7,7,7,7,7,7,
	7,7,7,7,7,7,7,7,
	7,7,7,7,7,7,7,7,
	7,7,7,7,7,7,7,7,
	7,7,0,7,0,0,0,7,
	0,7,7,7,7,7,7,7,
	7,7,7,7,7,7,7,7,
	7,7,7,7,7,7,7,7,
	7,7,7,7,7,7,7,7,
	7,7,7,7,7,7,7,7,
	7,7,7,7,7,7,7,7,
	7,7,7,7,7,7,7,7,
	7,7,0,0,7,0,0,0,
	0,7,7,7,7,7,7,7,
	7,7,7,7,7,7,7,7,
	7,7,7,7,7,7,7,7,
	7,7,7,7,7,7,7,7,
	7,7,7,7,7,7,7,7,
	7,7,7,7,7,7,7,7,
	7,7,7,7,7,7,7,7,
	7,7,0,0,0,0,7,0,
	0,7,7,7,7,7,7,7,
	7,7,7,7,7,7,7,7,
	7,7,7,7,7,7,7,7,
	7,7,7,7,7,7,7,7,
	7,7,7,7,7,7,7,7,
	7,7,7,7,7,7,7,7,
	7,7,7,7,7,7,7,7,
	7,7,0,0,0,7,0,0,
	0,0,0,0,0,0,0,0,
	0,0,0,0,0,0,0,0,
	0,0,0,0,0,0,0,0,
	0,0,0,0,0,0,0,0,
	0,0,0,0,0,0,0,0,
	0,0,0,0,0,0,0,0,
	0,0,0,0,0,0,0,0,
	0,0,0,7,0,0,0,7,
	7,0,7,7,0,7,7,7,
	0,7,7,7,0,7,7,7,
	0,7,7,7,0,7,7,7,
	0,7,7,7,0,7,7,7,
	0,7,7,7,0,7,7,7,
	0,7,7,7,0,7,7,7,
	0,7,7,7,0,7,7,7,
	0,7,7,0,0,7,7,0,
	7,7,0,7,7,7,0,7,
	7,7,0,7,7,7,0,7,
	7,7,0,7,7,7,0,7,
	7,7,0,7,7,7,0,7,
	7,7,0,7,7,7,0,7,
	7,7,0,7,7,7,0,7,
	7,7,0,7,7,7,0,7,
	7,7,0,7,0,0,0,0,
	7,7,7,0,7,0,7,7,
	7,0,7,7,7,0,7,7,
	7,0,7,7,7,0,7,7,
	7,0,7,7,7,0,7,7,
	7,0,7,7,7,0,7,7,
	7,0,7,7,7,0,7,7,
	7,0,7,7,7,0,7,7,
	7,0,7,7,7,0,0,0,
	7,7,7,7,0,7,7,0,
	7,7,7,0,7,7,7,0,
	7,7,7,0,7,7,7,0,
	7,7,7,0,7,7,7,0,
	7,7,7,0,7,7,7,0,
	7,7,7,0,7,7,7,0,
	7,7,7,0,7,7,7,0,
	7,7,7,0,7,7,7,0,
};
