/*	@(#)cDOT8	10.1	(MASSCOMP)	edited 3/27/89, built 5/4/89	*/
#define cDOT8_width=64
#define cDOT8_height=64
 char cDOT8_bits[] = {
	0,0,0,0,0,0,0,0,
	0,0,0,0,0,0,0,0,
	0,0,0,0,0,0,0,0,
	0,0,0,0,0,0,0,0,
	0,0,0,0,0,0,0,0,
	0,0,0,0,0,0,0,0,
	0,0,0,0,0,0,0,0,
	0,0,0,7,7,7,7,7,
	0,7,7,7,7,7,7,7,
	7,7,7,7,7,7,7,7,
	7,7,7,7,7,7,7,7,
	7,7,7,7,7,7,7,7,
	7,7,7,7,7,7,7,7,
	7,7,7,7,7,7,7,7,
	7,7,7,7,7,7,7,7,
	7,7,0,0,7,7,7,7,
	0,7,7,7,7,7,7,7,
	7,7,7,7,7,7,7,7,
	7,0,0,0,0,0,7,7,
	7,7,7,7,7,7,7,7,
	7,7,7,7,7,0,0,0,
	0,0,7,7,7,7,7,7,
	7,7,7,7,7,7,7,7,
	7,7,0,0,0,0,7,7,
	0,7,7,7,7,7,7,7,
	7,7,7,7,7,7,7,7,
	0,7,7,7,7,7,0,7,
	7,7,7,7,7,7,7,7,
	7,7,7,7,0,7,7,7,
	7,7,0,7,7,7,7,7,
	7,7,1,1,1,1,1,7,
	7,7,0,7,0,0,0,7,
	0,7,7,7,7,7,7,7,
	7,7,7,7,7,7,7,0,
	7,7,7,7,7,7,7,0,
	7,7,7,7,7,7,7,7,
	7,7,7,0,7,7,7,7,
	7,7,7,0,7,7,7,7,
	7,1,1,7,7,7,1,1,
	7,7,0,0,7,0,0,0,
	0,7,7,7,7,7,7,7,
	7,7,7,7,7,7,0,7,
	7,7,0,0,0,7,7,7,
	0,7,7,7,7,7,7,7,
	7,7,0,7,7,7,0,0,
	0,7,7,7,0,7,7,7,
	7,1,1,7,7,7,1,1,
	7,7,0,0,0,0,7,0,
	0,7,7,7,7,7,7,7,
	7,7,7,7,7,0,7,7,
	7,0,7,7,7,0,7,7,
	7,0,7,7,7,7,7,7,
	7,0,7,7,7,0,7,7,
	7,0,7,7,7,0,7,7,
	7,1,1,7,7,7,1,1,
	7,7,0,0,0,7,0,0,
	0,7,7,7,7,7,7,7,
	7,7,7,7,7,0,7,7,
	0,7,7,7,7,7,0,7,
	7,0,7,7,7,7,7,7,
	7,0,7,7,0,7,7,7,
	7,7,0,7,7,0,7,7,
	7,7,1,1,1,1,1,7,
	7,7,0,7,0,0,0,7,
	0,7,7,7,7,7,7,7,
	7,7,7,7,7,0,7,7,
	0,7,7,0,7,7,0,7,
	7,0,7,7,7,7,7,7,
	7,0,7,7,0,7,7,0,
	7,7,0,7,7,0,7,7,
	7,1,1,7,7,7,1,1,
	7,7,0,0,7,0,0,0,
	0,7,7,7,7,7,7,7,
	7,7,7,7,7,0,7,7,
	0,7,7,7,7,7,0,7,
	7,0,7,7,7,7,7,7,
	7,0,7,7,0,7,7,7,
	7,7,0,7,7,0,7,7,
	7,1,1,7,7,7,1,1,
	7,7,0,0,0,0,7,0,
	0,7,7,7,7,7,7,7,
	7,7,7,7,7,0,7,7,
	7,0,7,7,7,0,7,7,
	7,0,7,7,7,7,7,7,
	7,0,7,7,7,0,7,7,
	7,0,7,7,7,0,7,7,
	7,1,1,7,7,7,1,1,
	7,7,0,0,0,7,0,0,
	0,7,7,7,7,7,7,7,
	7,7,7,7,7,7,0,7,
	7,7,0,0,0,7,7,7,
	0,7,7,7,7,7,7,7,
	7,7,0,7,7,7,0,0,
	0,7,7,7,0,7,7,7,
	7,1,1,7,7,7,1,1,
	7,7,0,7,0,0,0,7,
	0,7,7,7,7,7,7,7,
	7,7,7,7,7,7,7,0,
	7,7,7,7,7,7,7,0,
	7,7,7,7,7,7,7,7,
	7,7,7,0,7,7,7,7,
	7,7,7,0,7,7,7,7,
	7,7,1,1,1,1,1,7,
	7,7,0,0,7,0,0,0,
	0,7,7,7,7,7,7,7,
	7,7,7,7,7,7,7,7,
	0,7,7,7,7,7,0,7,
	7,7,7,7,7,7,7,7,
	7,7,7,7,0,7,7,7,
	7,7,0,7,7,7,7,7,
	7,7,7,7,7,7,7,7,
	7,7,0,0,0,0,7,0,
	0,7,7,7,7,7,7,7,
	7,7,7,7,7,7,7,7,
	7,0,0,0,0,0,7,7,
	7,7,7,7,7,7,7,7,
	7,7,7,7,7,0,0,0,
	0,0,7,7,7,7,7,7,
	7,7,7,7,7,7,7,7,
	7,7,0,0,0,7,0,0,
	0,7,7,7,7,7,7,7,
	7,7,7,7,7,7,7,7,
	7,7,7,7,7,7,7,7,
	7,7,7,7,7,7,7,7,
	7,7,7,7,7,7,7,7,
	7,7,7,7,7,7,7,7,
	7,7,7,7,7,7,7,7,
	7,7,0,7,0,0,0,7,
	0,7,7,7,7,7,7,7,
	7,7,7,7,7,7,7,7,
	7,0,0,0,0,0,7,7,
	7,7,7,7,7,7,7,7,
	7,7,7,7,7,0,0,0,
	0,0,7,7,7,7,7,7,
	7,7,7,7,7,7,7,7,
	7,7,0,0,7,0,0,0,
	0,7,7,7,7,7,7,7,
	7,7,7,7,7,7,7,7,
	0,7,7,7,7,7,0,7,
	7,7,7,7,7,7,7,7,
	7,7,7,7,0,7,7,7,
	7,7,0,7,7,7,7,7,
	7,7,7,7,7,7,7,7,
	7,7,0,0,0,0,7,0,
	0,7,7,7,7,7,7,7,
	7,7,7,7,7,7,7,0,
	7,7,7,7,7,7,7,0,
	7,7,7,7,7,7,7,7,
	7,7,7,0,7,7,7,7,
	7,7,7,0,7,7,7,7,
	7,7,7,7,7,7,7,7,
	7,7,0,0,0,7,0,0,
	0,7,7,7,7,7,7,7,
	7,7,7,7,7,7,0,7,
	7,7,0,0,0,7,7,7,
	0,7,7,7,7,7,7,7,
	7,7,0,7,7,7,0,0,
	0,7,7,7,0,7,7,7,
	7,7,7,7,7,7,7,7,
	7,7,0,7,0,0,0,7,
	0,7,7,7,7,7,7,7,
	7,7,7,7,7,0,7,7,
	7,0,7,7,7,0,7,7,
	7,0,7,7,7,7,7,7,
	7,0,7,7,7,0,7,7,
	7,0,7,7,7,0,7,7,
	7,7,7,7,7,7,7,7,
	7,7,0,0,7,0,0,0,
	0,7,7,7,7,7,7,7,
	7,7,7,7,7,0,7,7,
	0,7,7,7,7,7,0,7,
	7,0,7,7,7,7,7,7,
	7,0,7,7,0,7,7,7,
	7,7,0,7,7,0,7,7,
	7,7,7,7,7,7,7,7,
	7,7,0,0,0,0,7,0,
	0,7,7,7,7,7,7,7,
	7,7,7,7,7,0,7,7,
	0,7,7,0,7,7,0,7,
	7,0,7,7,7,7,7,7,
	7,0,7,7,0,7,7,0,
	7,7,0,7,7,0,7,7,
	7,7,7,7,7,7,7,7,
	7,7,0,0,0,7,0,0,
	0,7,7,7,7,7,7,7,
	7,7,7,7,7,0,7,7,
	0,7,7,7,7,7,0,7,
	7,0,7,7,7,7,7,7,
	7,0,7,7,0,7,7,7,
	7,7,0,7,7,0,7,7,
	7,7,7,7,7,7,7,7,
	7,7,0,7,0,0,0,7,
	0,7,7,7,7,7,7,7,
	7,7,7,7,7,0,7,7,
	7,0,7,7,7,0,7,7,
	7,0,7,7,7,7,7,7,
	7,0,7,7,7,0,7,7,
	7,0,7,7,7,0,7,7,
	7,7,7,7,7,7,7,7,
	7,7,0,0,7,0,0,0,
	0,7,7,7,7,7,7,7,
	7,7,7,7,7,7,0,7,
	7,7,0,0,0,7,7,7,
	0,7,7,7,7,7,7,7,
	7,7,0,7,7,7,0,0,
	0,7,7,7,0,7,7,7,
	7,7,7,7,7,7,7,7,
	7,7,0,0,0,0,7,0,
	0,7,7,7,7,7,7,7,
	7,7,7,7,7,7,7,0,
	7,7,7,7,7,7,7,0,
	7,7,7,7,7,7,7,7,
	7,7,7,0,7,7,7,7,
	7,7,7,0,7,7,7,7,
	7,7,7,7,7,7,7,7,
	7,7,0,0,0,7,0,0,
	0,7,7,7,7,7,7,7,
	7,7,7,7,7,7,7,7,
	0,7,7,7,7,7,0,7,
	7,7,7,7,7,7,7,7,
	7,7,7,7,0,7,7,7,
	7,7,0,7,7,7,7,7,
	7,7,7,7,7,7,7,7,
	7,7,0,7,0,0,0,7,
	0,7,7,7,7,7,7,7,
	7,7,7,7,7,7,7,7,
	7,0,0,0,0,0,7,7,
	7,7,7,7,7,7,7,7,
	7,7,7,7,7,0,0,0,
	0,0,7,7,7,7,7,7,
	7,7,7,7,7,7,7,7,
	7,7,0,0,7,0,0,0,
	0,7,7,7,7,7,7,7,
	7,7,7,7,7,7,7,7,
	7,7,7,7,7,7,7,7,
	7,7,7,7,7,7,7,7,
	7,7,7,7,7,7,7,7,
	7,7,7,7,7,7,7,7,
	7,7,7,7,7,7,7,7,
	7,7,0,0,0,0,7,0,
	0,7,7,7,7,7,7,7,
	7,7,7,7,7,7,7,7,
	7,0,0,0,0,0,7,7,
	7,7,7,7,7,7,7,7,
	7,7,7,7,7,0,0,0,
	0,0,7,7,7,7,7,7,
	7,7,7,7,7,7,7,7,
	7,7,0,0,0,7,0,0,
	0,7,7,7,7,7,7,7,
	7,7,7,7,7,7,7,7,
	0,7,7,7,7,7,0,7,
	7,7,7,7,7,7,7,7,
	7,7,7,7,0,7,7,7,
	7,7,0,7,7,7,7,7,
	7,7,7,7,7,7,7,7,
	7,7,0,7,0,0,0,7,
	0,7,7,7,7,7,7,7,
	7,7,7,7,7,7,7,0,
	7,7,7,7,7,7,7,0,
	7,7,7,7,7,7,7,7,
	7,7,7,0,7,7,7,7,
	7,7,7,0,7,7,7,7,
	7,7,7,7,7,7,7,7,
	7,7,0,0,7,0,0,0,
	0,7,7,7,7,7,7,7,
	7,7,7,7,7,7,0,7,
	7,7,0,0,0,7,7,7,
	0,7,7,7,7,7,7,7,
	7,7,0,7,7,7,0,0,
	0,7,7,7,0,7,7,7,
	7,7,7,7,7,7,7,7,
	7,7,0,0,0,0,7,0,
	0,7,7,7,7,7,7,7,
	7,7,7,7,7,0,7,7,
	7,0,7,7,7,0,7,7,
	7,0,7,7,7,7,7,7,
	7,0,7,7,7,0,7,7,
	7,0,7,7,7,0,7,7,
	7,7,7,7,7,7,7,7,
	7,7,0,0,0,7,0,0,
	0,7,7,7,7,7,7,7,
	7,7,7,7,7,0,7,7,
	0,7,7,7,7,7,0,7,
	7,0,7,7,7,7,7,7,
	7,0,7,7,0,7,7,7,
	7,7,0,7,7,0,7,7,
	7,7,7,7,7,7,7,7,
	7,7,0,7,0,0,0,7,
	0,7,7,7,7,7,7,7,
	7,7,7,7,7,0,7,7,
	0,7,7,0,7,7,0,7,
	7,0,7,7,7,7,7,7,
	7,0,7,7,0,7,7,0,
	7,7,0,7,7,0,7,7,
	7,7,7,7,7,7,7,7,
	7,7,0,0,7,0,0,0,
	0,7,7,7,7,7,7,7,
	7,7,7,7,7,0,7,7,
	0,7,7,7,7,7,0,7,
	7,0,7,7,7,7,7,7,
	7,0,7,7,0,7,7,7,
	7,7,0,7,7,0,7,7,
	7,7,7,7,7,7,7,7,
	7,7,0,0,0,0,7,0,
	0,7,7,7,7,7,7,7,
	7,7,7,7,7,0,7,7,
	7,0,7,7,7,0,7,7,
	7,0,7,7,7,7,7,7,
	7,0,7,7,7,0,7,7,
	7,0,7,7,7,0,7,7,
	7,7,7,7,7,7,7,7,
	7,7,0,0,0,7,0,0,
	0,7,7,7,7,7,7,7,
	7,7,7,7,7,7,0,7,
	7,7,0,0,0,7,7,7,
	0,7,7,7,7,7,7,7,
	7,7,0,7,7,7,0,0,
	0,7,7,7,0,7,7,7,
	7,7,7,7,7,7,7,7,
	7,7,0,7,0,0,0,7,
	0,7,7,7,7,7,7,7,
	7,7,7,7,7,7,7,0,
	7,7,7,7,7,7,7,0,
	7,7,7,7,7,7,7,7,
	7,7,7,0,7,7,7,7,
	7,7,7,0,7,7,7,7,
	7,7,7,7,7,7,7,7,
	7,7,0,0,7,0,0,0,
	0,7,7,7,7,7,7,7,
	7,7,7,7,7,7,7,7,
	0,7,7,7,7,7,0,7,
	7,7,7,7,7,7,7,7,
	7,7,7,7,0,7,7,7,
	7,7,0,7,7,7,7,7,
	7,7,7,7,7,7,7,7,
	7,7,0,0,0,0,7,0,
	0,7,7,7,7,7,7,7,
	7,7,7,7,7,7,7,7,
	7,0,0,0,0,0,7,7,
	7,7,7,7,7,7,7,7,
	7,7,7,7,7,0,0,0,
	0,0,7,7,7,7,7,7,
	7,7,7,7,7,7,7,7,
	7,7,0,0,0,7,0,0,
	0,7,7,7,7,7,7,7,
	7,7,7,7,7,7,7,7,
	7,7,7,7,7,7,7,7,
	7,7,7,7,7,7,7,7,
	7,7,7,7,7,7,7,7,
	7,7,7,7,7,7,7,7,
	7,7,7,7,7,7,7,7,
	7,7,0,7,0,0,0,7,
	0,7,7,7,7,7,7,7,
	7,7,7,7,7,7,7,7,
	7,0,0,0,0,0,7,7,
	7,7,7,7,7,7,7,7,
	7,7,7,7,7,0,0,0,
	0,0,7,7,7,7,7,7,
	7,7,7,7,7,7,7,7,
	7,7,0,0,7,0,0,0,
	0,7,7,7,7,7,7,7,
	7,7,7,7,7,7,7,7,
	0,7,7,7,7,7,0,7,
	7,7,7,7,7,7,7,7,
	7,7,7,7,0,7,7,7,
	7,7,0,7,7,7,7,7,
	7,7,7,7,7,7,7,7,
	7,7,0,0,0,0,7,0,
	0,7,7,7,7,7,7,7,
	7,7,7,7,7,7,7,0,
	7,7,7,7,7,7,7,0,
	7,7,7,7,7,7,7,7,
	7,7,7,0,7,7,7,7,
	7,7,7,0,7,7,7,7,
	7,7,7,7,7,7,7,7,
	7,7,0,0,0,7,0,0,
	0,7,7,7,7,7,7,7,
	7,7,7,7,7,7,0,7,
	7,7,0,0,0,7,7,7,
	0,7,7,7,7,7,7,7,
	7,7,0,7,7,7,0,0,
	0,7,7,7,0,7,7,7,
	7,7,7,7,7,7,7,7,
	7,7,0,7,0,0,0,7,
	0,7,7,7,7,7,7,7,
	7,7,7,7,7,0,7,7,
	7,0,7,7,7,0,7,7,
	7,0,7,7,7,7,7,7,
	7,0,7,7,7,0,7,7,
	7,0,7,7,7,0,7,7,
	7,7,7,7,7,7,7,7,
	7,7,0,0,7,0,0,0,
	0,7,7,7,7,7,7,7,
	7,7,7,7,7,0,7,7,
	0,7,7,7,7,7,0,7,
	7,0,7,7,7,7,7,7,
	7,0,7,7,0,7,7,7,
	7,7,0,7,7,0,7,7,
	7,7,7,7,7,7,7,7,
	7,7,0,0,0,0,7,0,
	0,7,7,7,7,7,7,7,
	7,7,7,7,7,0,7,7,
	0,7,7,0,7,7,0,7,
	7,0,7,7,7,7,7,7,
	7,0,7,7,0,7,7,0,
	7,7,0,7,7,0,7,7,
	7,7,7,7,7,7,7,7,
	7,7,0,0,0,7,0,0,
	0,7,7,7,7,7,7,7,
	7,7,7,7,7,0,7,7,
	0,7,7,7,7,7,0,7,
	7,0,7,7,7,7,7,7,
	7,0,7,7,0,7,7,7,
	7,7,0,7,7,0,7,7,
	7,7,7,7,7,7,7,7,
	7,7,0,7,0,0,0,7,
	0,7,7,7,7,7,7,7,
	7,7,7,7,7,0,7,7,
	7,0,7,7,7,0,7,7,
	7,0,7,7,7,7,7,7,
	7,0,7,7,7,0,7,7,
	7,0,7,7,7,0,7,7,
	7,7,7,7,7,7,7,7,
	7,7,0,0,7,0,0,0,
	0,7,7,7,7,7,7,7,
	7,7,7,7,7,7,0,7,
	7,7,0,0,0,7,7,7,
	0,7,7,7,7,7,7,7,
	7,7,0,7,7,7,0,0,
	0,7,7,7,0,7,7,7,
	7,7,7,7,7,7,7,7,
	7,7,0,0,0,0,7,0,
	0,7,7,7,7,7,7,7,
	7,7,7,7,7,7,7,0,
	7,7,7,7,7,7,7,0,
	7,7,7,7,7,7,7,7,
	7,7,7,0,7,7,7,7,
	7,7,7,0,7,7,7,7,
	7,7,7,7,7,7,7,7,
	7,7,0,0,0,7,0,0,
	0,7,7,7,7,7,7,7,
	7,7,7,7,7,7,7,7,
	0,7,7,7,7,7,0,7,
	7,7,7,7,7,7,7,7,
	7,7,7,7,0,7,7,7,
	7,7,0,7,7,7,7,7,
	7,7,7,7,7,7,7,7,
	7,7,0,7,0,0,0,7,
	0,7,7,7,7,7,7,7,
	7,7,7,7,7,7,7,7,
	7,0,0,0,0,0,7,7,
	7,7,7,7,7,7,7,7,
	7,7,7,7,7,0,0,0,
	0,0,7,7,7,7,7,7,
	7,7,7,7,7,7,7,7,
	7,7,0,0,7,0,0,0,
	0,7,7,7,7,7,7,7,
	7,7,7,7,7,7,7,7,
	7,7,7,7,7,7,7,7,
	7,7,7,7,7,7,7,7,
	7,7,7,7,7,7,7,7,
	7,7,7,7,7,7,7,7,
	7,7,7,7,7,7,7,7,
	7,7,0,0,0,0,7,0,
	0,7,7,7,7,7,7,7,
	7,7,7,7,7,7,7,7,
	7,7,7,7,7,7,7,7,
	7,7,7,7,7,7,7,7,
	7,7,7,7,7,7,7,7,
	7,7,7,7,7,7,7,7,
	7,7,7,7,7,7,7,7,
	7,7,0,0,0,7,0,0,
	0,0,0,0,0,0,0,0,
	0,0,0,0,0,0,0,0,
	0,0,0,0,0,0,0,0,
	0,0,0,0,0,0,0,0,
	0,0,0,0,0,0,0,0,
	0,0,0,0,0,0,0,0,
	0,0,0,0,0,0,0,0,
	0,0,0,7,0,0,0,7,
	7,0,7,7,0,7,7,7,
	0,7,7,7,0,7,7,7,
	0,7,7,7,0,7,7,7,
	0,7,7,7,0,7,7,7,
	0,7,7,7,0,7,7,7,
	0,7,7,7,0,7,7,7,
	0,7,7,7,0,7,7,7,
	0,7,7,0,0,7,7,0,
	7,7,0,7,7,7,0,7,
	7,7,0,7,7,7,0,7,
	7,7,0,7,7,7,0,7,
	7,7,0,7,7,7,0,7,
	7,7,0,7,7,7,0,7,
	7,7,0,7,7,7,0,7,
	7,7,0,7,7,7,0,7,
	7,7,0,7,0,0,0,0,
	7,7,7,0,7,0,7,7,
	7,0,7,7,7,0,7,7,
	7,0,7,7,7,0,7,7,
	7,0,7,7,7,0,7,7,
	7,0,7,7,7,0,7,7,
	7,0,7,7,7,0,7,7,
	7,0,7,7,7,0,7,7,
	7,0,7,7,7,0,0,0,
	7,7,7,7,0,0,7,0,
	7,7,7,0,7,7,7,0,
	7,7,7,0,7,7,7,0,
	7,7,7,0,7,7,7,0,
	7,7,7,0,7,7,7,0,
	7,7,7,0,7,7,7,0,
	7,7,7,0,7,7,7,0,
	7,7,7,0,7,7,7,0,
};
