/*	@(#)cGRED	10.1	(MASSCOMP)	edited 3/27/89, built 5/4/89	*/
#define cGRED_width=64
#define cGRED_height=64
 char cGRED_bits[] = {
	0,0,0,0,0,0,0,0,
	0,0,0,0,0,0,0,0,
	0,0,0,0,0,0,0,0,
	0,0,0,0,0,0,0,0,
	0,0,0,0,0,0,0,0,
	0,0,0,0,0,0,0,0,
	0,0,0,0,0,0,0,0,
	0,0,0,7,7,7,7,7,
	0,7,7,7,7,7,7,7,
	7,7,7,7,7,7,7,7,
	7,7,7,7,7,7,7,7,
	7,7,7,7,7,7,7,7,
	7,7,7,7,7,7,7,7,
	7,7,7,7,7,7,7,7,
	7,7,7,7,7,7,7,7,
	7,7,0,0,7,7,7,7,
	0,7,7,7,7,7,7,7,
	7,7,7,7,7,7,7,7,
	7,7,7,7,7,7,7,7,
	7,7,7,7,7,7,7,7,
	7,7,7,7,7,7,7,7,
	7,7,7,7,7,7,7,7,
	7,7,7,7,7,7,7,7,
	7,7,0,0,0,0,7,7,
	0,7,7,7,7,7,7,7,
	7,7,7,7,7,7,7,7,
	7,7,7,7,7,7,7,7,
	7,7,7,7,7,7,7,7,
	7,7,7,7,7,7,7,7,
	7,7,7,7,7,7,7,7,
	7,1,1,1,1,1,1,1,
	7,7,0,7,0,0,0,7,
	0,7,7,7,7,7,7,7,
	7,7,7,7,7,7,7,7,
	7,7,7,7,7,7,7,7,
	7,7,7,7,7,7,7,7,
	7,7,7,7,7,7,7,7,
	7,7,7,7,7,7,7,7,
	7,1,1,7,7,7,7,7,
	7,7,0,0,7,0,0,0,
	0,7,7,7,7,7,7,7,
	7,7,7,7,7,7,7,7,
	7,7,7,7,7,7,7,7,
	7,7,7,7,7,7,7,7,
	7,7,7,7,7,7,7,7,
	7,7,7,7,7,7,7,7,
	7,1,1,7,7,7,7,7,
	7,7,0,0,0,0,7,0,
	0,7,7,7,7,7,7,7,
	7,7,7,7,7,7,7,7,
	7,7,7,7,2,2,2,7,
	7,7,7,7,7,7,7,7,
	7,7,7,7,7,7,7,7,
	7,7,7,7,7,7,7,7,
	7,1,1,7,7,7,7,7,
	7,7,0,0,0,7,0,0,
	0,7,7,7,7,7,7,7,
	7,7,7,7,7,7,7,7,
	7,7,7,7,7,2,2,2,
	2,2,2,7,7,7,7,7,
	7,7,7,7,7,7,7,7,
	7,7,7,7,7,7,7,7,
	7,1,1,1,1,1,1,7,
	7,7,0,7,0,0,0,7,
	0,7,7,7,7,7,7,7,
	7,7,7,7,7,7,7,7,
	7,7,7,7,7,7,2,2,
	2,2,2,2,7,7,7,7,
	7,7,7,2,7,7,7,7,
	7,7,7,7,7,7,7,7,
	7,1,1,7,7,7,7,7,
	7,7,0,0,7,0,0,0,
	0,7,7,7,7,7,7,7,
	7,7,7,7,7,7,7,7,
	7,7,7,7,7,7,7,2,
	2,2,2,2,2,7,7,7,
	7,7,7,7,2,2,7,7,
	7,7,7,7,7,7,7,7,
	7,1,1,7,7,7,7,7,
	7,7,0,0,0,0,7,0,
	0,7,7,7,7,7,7,7,
	7,7,7,7,7,7,2,7,
	7,7,7,7,7,7,2,2,
	2,2,2,2,2,2,7,7,
	7,7,7,7,7,2,2,7,
	7,7,7,7,7,7,7,7,
	7,1,1,7,7,7,7,7,
	7,7,0,0,0,7,0,0,
	0,7,7,7,7,7,7,7,
	7,7,7,7,7,7,2,2,
	7,7,7,7,7,2,2,7,
	7,2,2,2,2,2,7,7,
	7,7,7,7,7,2,2,2,
	7,7,7,7,7,7,7,7,
	7,1,1,7,7,7,7,7,
	7,7,0,7,0,0,0,7,
	0,7,7,7,7,7,7,7,
	7,7,7,7,7,7,2,2,
	7,7,7,7,2,2,7,7,
	7,2,2,2,2,2,7,7,
	7,7,7,7,7,7,2,2,
	2,7,7,7,7,7,7,7,
	7,1,1,7,7,7,7,7,
	7,7,0,0,7,0,0,0,
	0,7,7,7,7,7,7,7,
	7,7,7,7,7,2,2,2,
	2,2,7,2,2,7,7,7,
	7,2,2,2,2,2,7,7,
	7,7,7,7,7,7,2,2,
	2,7,7,7,7,7,7,7,
	7,7,7,7,7,7,7,7,
	7,7,0,0,0,0,7,0,
	0,7,7,7,7,7,7,7,
	7,7,7,7,7,2,2,2,
	2,2,2,2,7,7,7,7,
	7,2,2,2,2,2,2,7,
	7,7,7,7,7,2,2,2,
	7,7,7,7,7,7,7,7,
	7,7,7,7,7,7,7,7,
	7,7,0,0,0,7,0,0,
	0,7,7,7,7,7,7,7,
	7,7,7,7,2,2,2,2,
	2,2,7,7,7,7,7,7,
	2,2,2,2,2,7,2,2,
	7,7,7,7,7,2,2,2,
	7,7,7,7,7,7,7,7,
	7,7,7,7,7,7,7,7,
	7,7,0,7,0,0,0,7,
	0,7,7,7,7,7,7,7,
	7,7,7,7,2,2,2,2,
	2,2,7,7,7,7,7,7,
	2,2,2,2,2,7,7,2,
	2,7,7,7,2,2,2,7,
	7,7,7,7,7,7,7,7,
	7,7,7,7,7,7,7,7,
	7,7,0,0,7,0,0,0,
	0,7,7,7,7,7,7,7,
	7,7,7,2,2,2,2,2,
	7,7,7,7,7,7,7,7,
	2,2,2,2,7,7,7,7,
	2,2,7,2,2,2,7,7,
	7,7,7,2,2,7,7,7,
	7,7,7,7,7,7,7,7,
	7,7,0,0,0,0,7,0,
	0,7,7,7,7,7,7,7,
	7,7,2,7,7,7,7,7,
	7,7,7,7,7,7,7,2,
	2,2,2,7,7,7,7,7,
	7,2,2,2,2,7,7,7,
	7,2,2,2,2,2,7,7,
	7,7,7,7,7,7,7,7,
	7,7,0,0,0,7,0,0,
	0,7,7,7,7,7,7,7,
	7,7,7,7,7,7,7,7,
	7,7,7,7,7,7,7,2,
	2,7,7,7,7,7,7,7,
	7,7,2,2,2,7,7,7,
	7,7,7,2,2,2,2,2,
	7,7,7,7,7,7,7,7,
	7,7,0,7,0,0,0,7,
	0,7,7,7,7,7,7,7,
	7,7,7,7,7,7,7,7,
	7,7,7,7,7,2,2,2,
	2,7,7,7,7,7,7,7,
	7,2,2,2,2,7,7,7,
	7,7,7,7,2,2,2,2,
	7,7,7,7,7,7,7,7,
	7,7,0,0,7,0,0,0,
	0,7,7,7,7,7,7,7,
	7,7,7,7,7,7,7,7,
	7,7,7,7,2,2,2,2,
	7,7,7,7,7,7,7,7,
	2,2,7,7,2,2,7,7,
	7,7,7,2,2,2,2,2,
	7,7,7,7,7,7,7,7,
	7,7,0,0,0,0,7,0,
	0,7,7,7,7,7,7,7,
	7,7,7,7,7,7,7,7,
	7,7,7,2,2,2,2,7,
	7,7,7,7,7,7,7,2,
	2,7,7,7,7,2,2,7,
	7,7,2,2,2,2,2,2,
	7,7,7,7,7,7,7,7,
	7,7,0,0,0,7,0,0,
	0,7,7,7,7,7,7,7,
	7,7,7,7,7,7,7,7,
	7,7,2,2,2,2,7,7,
	7,7,7,7,7,2,2,2,
	2,7,7,7,7,7,2,7,
	7,7,2,2,2,2,2,7,
	7,7,7,7,7,7,7,7,
	7,7,0,7,0,0,0,7,
	0,7,7,7,7,7,7,7,
	7,7,7,7,7,7,7,7,
	7,2,2,2,2,7,7,7,
	7,7,7,2,2,2,2,2,
	2,7,7,7,7,7,2,2,
	2,7,7,7,7,7,7,7,
	7,7,7,7,7,7,7,7,
	7,7,0,0,7,0,0,0,
	0,7,7,7,7,7,7,7,
	7,7,7,7,7,7,7,7,
	2,2,2,2,7,7,7,7,
	7,7,2,2,7,7,7,2,
	2,7,7,7,7,7,7,2,
	2,2,7,7,7,7,7,7,
	7,7,7,7,7,7,7,7,
	7,7,0,0,0,0,7,0,
	0,7,7,7,7,7,7,7,
	7,7,7,7,7,7,7,2,
	2,2,2,7,7,7,7,7,
	7,7,7,7,7,7,7,2,
	2,7,7,7,7,7,7,2,
	2,2,2,7,7,7,7,7,
	7,7,7,7,7,7,7,7,
	7,7,0,0,0,7,0,0,
	0,7,7,7,7,7,7,7,
	7,7,7,7,7,7,2,2,
	2,2,7,7,7,7,7,7,
	7,7,7,7,7,7,7,2,
	2,7,7,7,7,7,7,2,
	2,2,2,2,7,7,7,7,
	7,7,7,7,7,7,7,7,
	7,7,0,7,0,0,0,7,
	0,7,7,7,7,7,7,7,
	7,7,7,7,7,2,2,2,
	2,7,7,7,7,7,7,7,
	2,2,2,7,7,7,7,2,
	2,7,7,7,7,7,2,2,
	2,2,2,2,7,7,7,7,
	7,7,7,7,7,7,7,7,
	7,7,0,0,7,0,0,0,
	0,7,7,7,7,7,7,7,
	7,7,7,7,7,2,2,2,
	7,7,7,7,2,2,2,2,
	2,2,2,7,7,7,7,2,
	2,7,7,7,2,2,2,2,
	7,7,2,2,2,7,7,7,
	7,7,7,7,7,7,7,7,
	7,7,0,0,0,0,7,0,
	0,7,7,7,7,7,7,7,
	7,7,7,7,2,2,2,7,
	7,7,7,7,2,2,2,2,
	7,7,7,7,7,7,7,2,
	2,7,7,2,2,2,7,7,
	7,7,7,2,2,2,2,7,
	7,7,7,7,7,7,7,7,
	7,7,0,0,0,7,0,0,
	0,7,7,7,7,7,7,7,
	7,7,2,2,2,7,7,7,
	7,7,7,7,7,2,2,7,
	7,7,7,7,7,7,7,2,
	2,2,2,2,2,7,7,7,
	7,7,7,7,2,2,2,2,
	7,7,7,7,7,7,7,7,
	7,7,0,7,0,0,0,7,
	0,7,7,7,7,7,7,7,
	7,7,2,2,7,7,7,7,
	7,7,7,7,7,2,2,2,
	2,2,2,7,7,7,7,2,
	2,2,2,7,7,7,7,7,
	7,7,7,7,7,2,2,2,
	2,2,7,7,7,7,7,7,
	7,7,0,0,7,0,0,0,
	0,7,7,7,7,7,7,7,
	2,2,7,7,7,7,7,7,
	7,7,7,2,2,2,2,2,
	2,2,2,7,7,7,2,2,
	2,2,7,7,7,7,7,7,
	7,7,7,7,7,2,2,2,
	2,2,2,7,7,7,7,7,
	7,7,0,0,0,0,7,0,
	0,7,7,7,7,7,7,2,
	2,7,7,7,7,7,7,7,
	2,2,2,2,2,2,2,7,
	7,7,7,7,7,2,2,2,
	2,7,7,7,7,7,7,7,
	7,7,7,7,7,7,2,2,
	2,2,2,2,7,7,7,7,
	7,7,0,0,0,7,0,0,
	0,7,7,7,7,7,7,7,
	7,7,7,7,7,7,2,2,
	2,2,2,7,7,2,2,2,
	7,7,7,7,7,7,7,2,
	2,7,7,7,7,7,7,7,
	7,7,7,7,7,7,7,2,
	2,2,2,2,2,7,7,7,
	7,7,0,7,0,0,0,7,
	0,7,7,7,7,7,7,7,
	7,7,7,7,7,7,7,7,
	7,7,7,7,7,2,2,2,
	2,7,7,7,7,7,7,2,
	2,7,7,7,7,7,7,7,
	7,7,7,7,7,7,7,2,
	2,2,2,2,2,7,7,7,
	7,7,0,0,7,0,0,0,
	0,7,7,7,7,7,7,7,
	7,7,7,7,7,7,7,7,
	7,7,7,7,7,7,2,2,
	2,2,7,7,7,7,2,2,
	2,7,7,7,7,7,7,7,
	7,2,2,2,7,7,7,7,
	2,2,2,2,2,2,7,7,
	7,7,0,0,0,0,7,0,
	0,7,7,7,7,7,7,7,
	7,7,2,2,2,7,7,7,
	2,2,2,2,2,2,2,2,
	2,2,2,2,7,7,2,2,
	2,7,7,7,7,2,2,2,
	2,2,2,2,7,7,7,7,
	7,2,2,2,2,2,7,7,
	7,7,0,0,0,7,0,0,
	0,7,7,7,7,7,7,7,
	7,7,2,2,2,2,2,2,
	2,2,2,2,2,7,7,7,
	2,2,2,2,2,2,2,2,
	2,2,2,2,2,2,2,2,
	2,2,7,7,7,7,7,7,
	7,7,2,2,2,2,7,7,
	7,7,0,7,0,0,0,7,
	0,7,7,7,7,7,7,7,
	7,7,7,2,2,2,2,2,
	2,2,2,7,7,7,7,2,
	2,2,2,7,2,2,2,2,
	2,2,2,2,2,2,2,7,
	7,7,7,7,7,7,7,7,
	7,7,7,2,2,2,7,7,
	7,7,0,0,7,0,0,0,
	0,7,7,7,7,7,7,7,
	7,7,7,2,2,2,2,2,
	2,2,7,7,7,7,2,2,
	2,2,7,7,7,2,2,7,
	7,7,7,7,7,7,7,7,
	7,7,7,7,7,7,7,7,
	7,7,7,2,2,2,7,7,
	7,7,0,0,0,0,7,0,
	0,7,7,7,7,7,7,7,
	7,7,7,2,2,2,2,2,
	2,7,7,7,7,2,2,2,
	2,7,7,7,7,2,2,7,
	7,7,7,7,7,7,7,7,
	7,7,7,7,7,7,7,7,
	7,7,7,7,7,7,7,7,
	7,7,0,0,0,7,0,0,
	0,7,7,7,7,7,7,7,
	7,7,7,7,7,7,7,7,
	7,7,7,7,7,2,2,2,
	7,7,7,7,2,2,7,7,
	7,7,7,7,7,2,7,7,
	7,7,7,7,7,7,7,7,
	7,7,7,7,7,7,7,7,
	7,7,0,7,0,0,0,7,
	0,7,7,7,7,7,7,7,
	7,7,7,7,7,7,7,7,
	7,7,7,2,2,2,2,7,
	7,7,7,7,2,2,7,7,
	7,7,7,7,7,2,2,2,
	2,2,7,7,7,7,7,7,
	7,7,7,7,7,7,7,7,
	7,7,0,0,7,0,0,0,
	0,7,7,7,7,7,7,7,
	7,7,7,7,7,7,2,7,
	7,7,2,2,2,2,7,7,
	7,7,7,7,2,7,7,7,
	7,7,7,7,7,7,2,2,
	2,2,2,2,7,7,7,7,
	7,7,7,7,7,7,7,7,
	7,7,0,0,0,0,7,0,
	0,7,7,7,7,7,7,7,
	7,7,7,7,7,2,2,2,
	2,2,2,2,2,2,7,7,
	7,7,7,2,2,7,7,7,
	7,7,7,7,7,7,7,2,
	2,2,2,2,2,2,7,7,
	7,7,7,7,7,7,7,7,
	7,7,0,0,0,7,0,0,
	0,7,7,7,7,7,7,7,
	7,7,7,7,7,2,2,2,
	2,2,2,2,2,7,7,7,
	7,7,2,2,2,7,7,7,
	7,7,7,7,7,7,7,7,
	2,2,2,2,2,2,2,7,
	7,7,7,7,7,7,7,7,
	7,7,0,7,0,0,0,7,
	0,7,7,7,7,7,7,7,
	7,7,7,7,7,7,2,2,
	2,2,2,2,7,7,7,7,
	7,2,2,7,7,7,7,7,
	7,7,7,7,7,7,7,7,
	2,2,2,2,2,2,2,2,
	7,7,7,7,7,7,7,7,
	7,7,0,0,7,0,0,0,
	0,7,7,7,7,7,7,7,
	7,7,7,7,7,7,2,2,
	2,2,2,7,7,7,7,7,
	7,7,7,7,7,7,7,7,
	7,7,7,7,7,7,7,7,
	7,2,2,2,2,2,2,2,
	2,7,7,7,7,7,7,7,
	7,7,0,0,0,0,7,0,
	0,7,7,7,7,7,7,7,
	7,7,7,7,7,7,2,2,
	2,2,2,7,7,7,7,7,
	7,7,7,7,7,7,7,7,
	7,7,7,7,7,7,7,7,
	7,7,2,2,2,2,2,2,
	2,7,7,7,7,7,7,7,
	7,7,0,0,0,7,0,0,
	0,7,7,7,7,7,7,7,
	7,7,7,7,7,7,7,7,
	7,7,7,7,7,7,7,7,
	7,7,7,7,7,7,7,7,
	7,7,7,7,7,7,7,7,
	7,7,2,2,2,2,2,2,
	2,7,7,7,7,7,7,7,
	7,7,0,7,0,0,0,7,
	0,7,7,7,7,7,7,7,
	7,7,7,7,7,7,7,7,
	7,7,7,7,7,7,7,7,
	7,7,7,7,7,7,7,7,
	7,7,7,7,7,7,7,7,
	7,7,7,2,2,2,2,2,
	2,7,7,7,7,7,7,7,
	7,7,0,0,7,0,0,0,
	0,7,7,7,7,7,7,7,
	7,7,7,7,7,7,7,7,
	7,7,7,7,7,7,7,7,
	7,7,7,7,7,7,7,7,
	7,7,7,7,7,7,7,7,
	7,7,7,7,2,2,2,2,
	2,7,7,7,7,7,7,7,
	7,7,0,0,0,0,7,0,
	0,7,7,7,7,7,7,7,
	7,7,7,7,7,7,7,7,
	7,7,7,7,7,7,7,7,
	7,7,7,7,7,7,7,7,
	7,7,7,7,7,7,7,7,
	7,7,7,7,7,7,7,7,
	7,7,7,7,7,7,7,7,
	7,7,0,0,0,7,0,0,
	0,7,7,7,7,7,7,7,
	7,7,7,7,7,7,7,7,
	7,7,7,7,7,7,7,7,
	7,7,7,7,7,7,7,7,
	7,7,7,7,7,7,7,7,
	7,7,7,7,7,7,7,7,
	7,7,7,7,7,7,7,7,
	7,7,0,7,0,0,0,7,
	0,7,7,7,7,7,7,7,
	7,7,7,7,7,7,7,7,
	7,7,7,7,7,7,7,7,
	7,7,7,7,7,7,7,7,
	7,7,7,7,7,7,7,7,
	7,7,7,7,7,7,7,7,
	7,7,7,7,7,7,7,7,
	7,7,0,0,7,0,0,0,
	0,7,7,7,7,7,7,7,
	7,7,7,7,7,7,7,7,
	7,7,7,7,7,7,7,7,
	7,7,7,7,7,7,7,7,
	7,7,7,7,7,7,7,7,
	7,7,7,7,7,7,7,7,
	7,7,7,7,7,7,7,7,
	7,7,0,0,0,0,7,0,
	0,7,7,7,7,7,7,7,
	7,7,7,7,7,7,7,7,
	7,7,7,7,7,7,7,7,
	7,7,7,7,7,7,7,7,
	7,7,7,7,7,7,7,7,
	7,7,7,7,7,7,7,7,
	7,7,7,7,7,7,7,7,
	7,7,0,0,0,7,0,0,
	0,0,0,0,0,0,0,0,
	0,0,0,0,0,0,0,0,
	0,0,0,0,0,0,0,0,
	0,0,0,0,0,0,0,0,
	0,0,0,0,0,0,0,0,
	0,0,0,0,0,0,0,0,
	0,0,0,0,0,0,0,0,
	0,0,0,7,0,0,0,7,
	7,0,7,7,0,7,7,7,
	0,7,7,7,0,7,7,7,
	0,7,7,7,0,7,7,7,
	0,7,7,7,0,7,7,7,
	0,7,7,7,0,7,7,7,
	0,7,7,7,0,7,7,7,
	0,7,7,7,0,7,7,7,
	0,7,7,0,0,7,7,0,
	7,7,0,7,7,7,0,7,
	7,7,0,7,7,7,0,7,
	7,7,0,7,7,7,0,7,
	7,7,0,7,7,7,0,7,
	7,7,0,7,7,7,0,7,
	7,7,0,7,7,7,0,7,
	7,7,0,7,7,7,0,7,
	7,7,0,7,0,0,0,0,
	7,7,7,0,7,0,7,7,
	7,0,7,7,7,0,7,7,
	7,0,7,7,7,0,7,7,
	7,0,7,7,7,0,7,7,
	7,0,7,7,7,0,7,7,
	7,0,7,7,7,0,7,7,
	7,0,7,7,7,0,7,7,
	7,0,7,7,7,0,0,0,
	7,7,7,7,0,7,7,0,
	7,7,7,0,7,7,7,0,
	7,7,7,0,7,7,7,0,
	7,7,7,0,7,7,7,0,
	7,7,7,0,7,7,7,0,
	7,7,7,0,7,7,7,0,
	7,7,7,0,7,7,7,0,
	7,7,7,0,7,7,7,0,
};
