/*	@(#)cHELP	10.1	(MASSCOMP)	edited 3/27/89, built 5/4/89	*/
#define cHELP_width=64
#define cHELP_height=16
static char cHELP_bits[] = {
	1,1,1,1,1,1,1,1,
	1,1,1,1,1,1,1,1,
	1,1,1,1,1,1,1,1,
	1,1,1,1,1,1,1,1,
	1,1,1,1,1,1,1,1,
	1,1,1,1,1,1,1,1,
	1,1,1,1,1,1,1,1,
	1,1,1,1,1,1,1,1,
	1,7,7,7,7,7,7,7,
	7,7,7,7,7,7,7,7,
	7,7,7,7,7,7,7,7,
	7,7,7,7,7,7,7,7,
	7,7,7,7,7,7,7,7,
	7,7,7,7,7,7,7,7,
	7,7,7,7,7,7,7,7,
	7,7,7,7,7,7,7,1,
	1,7,7,7,7,7,7,7,
	7,7,7,7,7,7,1,1,
	7,7,7,7,1,1,7,7,
	7,1,1,1,1,1,1,7,
	7,7,1,1,7,7,7,7,
	7,7,1,1,1,1,1,1,
	7,7,7,7,7,7,7,7,
	7,7,7,7,7,7,7,1,
	1,7,7,7,7,7,7,7,
	7,7,7,7,7,7,1,1,
	7,7,7,7,1,1,7,7,
	7,1,1,1,1,1,1,7,
	7,7,1,1,7,7,7,7,
	7,7,1,1,1,1,1,1,
	1,7,7,7,7,7,7,7,
	7,7,7,7,7,7,7,1,
	1,7,7,7,7,7,7,7,
	7,7,7,7,7,7,1,1,
	7,7,7,7,1,1,7,7,
	7,1,1,7,7,7,7,7,
	7,7,1,1,7,7,7,7,
	7,7,1,1,7,7,7,1,
	1,7,7,7,7,7,7,7,
	7,7,7,7,7,7,7,1,
	1,7,7,7,7,7,7,7,
	7,7,7,7,7,7,1,1,
	7,7,7,7,1,1,7,7,
	7,1,1,7,7,7,7,7,
	7,7,1,1,7,7,7,7,
	7,7,1,1,7,7,7,1,
	1,7,7,7,7,7,7,7,
	7,7,7,7,7,7,7,1,
	1,7,7,7,7,7,7,7,
	7,7,7,7,7,7,1,1,
	7,7,7,7,1,1,7,7,
	7,1,1,7,7,7,7,7,
	7,7,1,1,7,7,7,7,
	7,7,1,1,7,7,7,1,
	1,7,7,7,7,7,7,7,
	7,7,7,7,7,7,7,1,
	1,7,7,7,7,7,7,7,
	7,7,7,7,7,7,1,1,
	1,1,1,1,1,1,7,7,
	7,1,1,1,1,1,7,7,
	7,7,1,1,7,7,7,7,
	7,7,1,1,1,1,1,1,
	1,7,7,7,7,7,7,7,
	7,7,7,7,7,7,7,1,
	1,7,7,7,7,7,7,7,
	7,7,7,7,7,7,1,1,
	1,1,1,1,1,1,7,7,
	7,1,1,1,1,1,7,7,
	7,7,1,1,7,7,7,7,
	7,7,1,1,1,1,1,1,
	7,7,7,7,7,7,7,7,
	7,7,7,7,7,7,7,1,
	1,7,7,7,7,7,7,7,
	7,7,7,7,7,7,1,1,
	7,7,7,7,1,1,7,7,
	7,1,1,7,7,7,7,7,
	7,7,1,1,7,7,7,7,
	7,7,1,1,7,7,7,7,
	7,7,7,7,7,7,7,7,
	7,7,7,7,7,7,7,1,
	1,7,7,7,7,7,7,7,
	7,7,7,7,7,7,1,1,
	7,7,7,7,1,1,7,7,
	7,1,1,7,7,7,7,7,
	7,7,1,1,7,7,7,7,
	7,7,1,1,7,7,7,7,
	7,7,7,7,7,7,7,7,
	7,7,7,7,7,7,7,1,
	1,7,7,7,7,7,7,7,
	7,7,7,7,7,7,1,1,
	7,7,7,7,1,1,7,7,
	7,1,1,7,7,7,7,7,
	7,7,1,1,7,7,7,7,
	7,7,1,1,7,7,7,7,
	7,7,7,7,7,7,7,7,
	7,7,7,7,7,7,7,1,
	1,7,7,7,7,7,7,7,
	7,7,7,7,7,7,1,1,
	7,7,7,7,1,1,7,7,
	7,1,1,1,1,1,1,7,
	7,7,1,1,1,1,1,1,
	7,7,1,1,7,7,7,7,
	7,7,7,7,7,7,7,7,
	7,7,7,7,7,7,7,1,
	1,7,7,7,7,7,7,7,
	7,7,7,7,7,7,1,1,
	7,7,7,7,1,1,7,7,
	7,1,1,1,1,1,1,7,
	7,7,1,1,1,1,1,1,
	7,7,1,1,7,7,7,7,
	7,7,7,7,7,7,7,7,
	7,7,7,7,7,7,7,1,
	1,7,7,7,7,7,7,7,
	7,7,7,7,7,7,7,7,
	7,7,7,7,7,7,7,7,
	7,7,7,7,7,7,7,7,
	7,7,7,7,7,7,7,7,
	7,7,7,7,7,7,7,7,
	7,7,7,7,7,7,7,7,
	7,7,7,7,7,7,7,1,
	1,1,1,1,1,1,1,1,
	1,1,1,1,1,1,1,1,
	1,1,1,1,1,1,1,1,
	1,1,1,1,1,1,1,1,
	1,1,1,1,1,1,1,1,
	1,1,1,1,1,1,1,1,
	1,1,1,1,1,1,1,1,
	1,1,1,1,1,1,1,1,
};
