/*	@(#)cMUM	10.1	(MASSCOMP)	edited 3/27/89, built 5/4/89	*/
#define cMUM_width=64
#define cMUM_height=64
char cMUM_bits[] = {
	0,0,0,0,0,0,0,0,
	0,0,0,0,0,0,0,0,
	0,0,0,0,0,0,0,0,
	0,0,0,0,0,0,0,0,
	0,0,0,0,0,0,0,0,
	0,0,0,0,0,0,0,0,
	0,0,0,0,0,0,0,0,
	0,0,0,7,7,7,7,7,
	0,7,7,7,7,7,7,7,
	7,7,7,7,7,7,7,7,
	7,7,7,7,7,7,7,7,
	7,7,7,7,7,7,7,7,
	7,7,7,7,7,7,7,7,
	7,7,7,7,7,7,7,7,
	7,7,7,7,7,7,7,7,
	7,7,0,0,7,7,7,7,
	0,7,7,7,7,7,7,7,
	7,7,7,7,7,7,7,7,
	7,7,7,7,7,7,7,7,
	7,7,7,7,7,7,7,7,
	7,7,7,7,7,7,7,7,
	7,7,7,7,7,7,7,7,
	7,7,7,7,7,7,7,7,
	7,7,0,0,0,0,7,7,
	0,7,7,7,7,7,7,7,
	7,7,7,7,7,7,7,7,
	7,7,7,7,7,7,7,7,
	7,7,7,7,7,7,7,7,
	7,7,7,7,7,7,7,7,
	7,7,7,7,7,7,7,7,
	7,7,7,7,7,7,7,7,
	7,7,0,7,0,0,0,7,
	0,7,7,7,7,7,7,7,
	7,7,7,7,7,7,7,7,
	7,7,7,7,7,7,7,7,
	7,0,0,0,7,7,7,7,
	0,7,7,7,7,7,7,7,
	7,7,7,7,7,7,7,7,
	7,7,7,7,7,7,7,7,
	7,7,0,0,7,0,0,0,
	0,7,7,7,7,7,7,7,
	7,7,7,7,7,7,7,7,
	7,7,7,7,7,7,7,7,
	7,0,2,2,0,0,0,0,
	0,7,7,7,7,7,7,7,
	7,7,7,7,7,7,7,7,
	7,7,7,7,7,7,7,7,
	7,7,0,0,0,0,7,0,
	0,7,7,7,7,7,7,7,
	7,7,7,7,7,7,7,7,
	7,7,7,7,7,7,0,7,
	7,0,2,2,2,2,2,2,
	2,0,7,7,7,7,7,7,
	7,7,7,7,7,0,0,0,
	7,7,7,7,7,7,7,7,
	7,7,0,0,0,7,0,0,
	0,7,7,7,7,7,7,7,
	7,7,7,7,7,7,7,7,
	7,7,7,7,0,0,0,0,
	0,0,2,2,2,2,2,2,
	0,7,7,7,7,7,7,7,
	7,7,7,7,0,2,2,0,
	0,7,7,7,7,7,7,7,
	7,7,0,7,0,0,0,7,
	0,7,7,7,7,7,7,7,
	7,7,7,7,7,7,7,7,
	7,7,7,7,0,2,2,2,
	2,0,2,2,2,2,2,2,
	2,4,4,4,7,7,7,7,
	7,7,0,0,2,2,2,2,
	0,7,7,7,7,7,7,7,
	7,7,0,0,7,0,0,0,
	0,7,7,7,7,7,7,7,
	7,7,7,7,7,7,7,7,
	7,7,7,7,7,0,2,2,
	2,0,0,2,2,2,2,2,
	2,4,6,4,4,4,4,4,
	4,4,2,2,2,2,2,2,
	0,0,7,7,7,7,7,7,
	7,7,0,0,0,0,7,0,
	0,7,7,7,7,7,7,7,
	7,7,7,7,7,4,4,4,
	4,4,4,4,7,0,2,2,
	2,2,2,2,2,2,2,4,
	4,4,6,6,4,4,6,4,
	6,4,2,2,2,2,2,2,
	2,0,7,7,7,7,7,7,
	7,7,0,0,0,7,0,0,
	0,7,7,7,7,7,7,7,
	7,7,7,7,7,4,6,4,
	6,6,4,6,4,2,2,2,
	2,2,2,2,2,2,4,6,
	6,4,4,6,4,4,6,6,
	4,6,4,2,2,2,2,2,
	2,0,7,7,7,7,7,7,
	7,7,0,7,0,0,0,7,
	0,7,7,7,7,7,7,7,
	7,7,4,4,4,6,6,4,
	6,6,6,4,6,4,4,2,
	2,2,2,2,2,4,4,4,
	6,6,4,6,6,4,6,6,
	4,6,4,2,2,2,2,2,
	0,7,7,7,7,7,7,7,
	7,7,0,0,7,0,0,0,
	0,7,7,7,7,7,7,7,
	7,4,4,6,4,6,6,4,
	6,6,6,4,6,6,4,2,
	2,2,2,2,4,6,6,4,
	6,6,4,6,6,4,4,6,
	4,6,6,4,2,2,2,2,
	0,7,7,7,7,7,7,7,
	7,7,0,0,0,0,7,0,
	0,7,7,7,7,7,7,7,
	7,4,6,6,4,6,6,4,
	6,6,4,6,6,4,4,4,
	2,0,2,2,4,6,6,4,
	6,6,4,4,6,4,4,4,
	4,6,6,4,2,2,2,2,
	0,0,0,0,7,7,7,7,
	7,7,0,0,0,7,0,0,
	0,7,7,7,7,7,7,7,
	7,4,6,6,4,6,6,4,
	6,6,4,6,6,4,6,4,
	2,0,2,2,4,4,6,6,
	4,6,6,4,4,6,6,6,
	4,6,6,4,4,2,2,2,
	2,2,2,0,0,7,7,7,
	7,7,0,7,0,0,0,7,
	0,7,7,7,7,7,7,7,
	7,4,6,6,6,4,4,4,
	6,6,4,6,6,4,6,6,
	4,0,0,0,4,4,6,6,
	6,4,4,6,4,4,6,6,
	4,4,4,4,6,4,2,2,
	2,2,2,2,0,7,7,7,
	7,7,0,0,7,0,0,0,
	0,7,7,7,7,7,7,7,
	7,4,4,6,6,4,6,4,
	6,6,4,6,6,4,6,6,
	4,0,2,0,4,6,6,6,
	6,4,4,6,6,4,6,4,
	6,6,6,4,6,4,2,2,
	2,2,2,2,0,7,7,7,
	7,7,0,0,0,0,7,0,
	0,7,7,7,7,7,7,7,
	4,4,4,6,6,6,4,4,
	4,4,4,6,4,6,6,4,
	4,2,2,2,6,4,4,6,
	6,4,6,4,6,4,4,4,
	6,4,4,4,6,4,4,2,
	2,2,2,2,0,7,7,7,
	7,7,0,0,0,7,0,0,
	0,7,7,7,7,7,7,7,
	4,6,4,6,6,4,6,4,
	4,6,4,4,6,6,6,4,
	4,2,2,2,4,6,6,4,
	4,4,6,6,4,6,4,6,
	6,4,6,4,6,4,4,4,
	2,2,2,2,0,7,7,7,
	7,7,0,7,0,0,0,7,
	0,7,7,7,7,7,7,7,
	4,6,4,4,6,4,6,6,
	4,6,4,4,4,6,6,4,
	4,2,2,2,4,6,6,6,
	6,4,4,4,4,6,4,6,
	4,6,6,4,4,4,6,4,
	2,2,2,2,0,7,7,7,
	7,7,0,0,7,0,0,0,
	0,7,7,7,7,7,7,7,
	4,6,6,4,4,4,6,6,
	4,6,4,6,4,4,4,6,
	4,2,2,2,4,6,6,6,
	6,4,6,6,4,4,4,6,
	4,6,4,6,6,4,6,4,
	2,2,2,2,2,0,7,7,
	7,7,0,0,0,0,7,0,
	0,7,7,7,7,7,7,7,
	6,4,6,6,6,4,6,6,
	4,6,4,6,4,4,6,4,
	4,2,0,0,4,6,6,6,
	6,4,6,6,4,6,4,4,
	4,6,4,4,6,4,6,4,
	0,0,2,0,2,0,7,7,
	7,7,0,0,0,7,0,0,
	0,7,7,7,7,7,7,7,
	4,4,6,6,4,4,4,6,
	4,4,4,4,6,4,6,4,
	6,4,0,2,4,4,4,4,
	4,6,4,4,6,6,4,4,
	4,4,6,4,6,4,6,4,
	7,0,0,0,0,7,7,7,
	7,7,0,7,0,0,0,7,
	0,7,7,7,7,7,7,7,
	4,4,6,4,6,6,6,4,
	4,6,4,4,4,6,6,4,
	6,4,2,2,4,6,6,6,
	6,6,4,4,6,6,6,4,
	4,6,6,4,6,4,6,4,
	7,7,7,7,7,7,7,7,
	7,7,0,0,7,0,0,0,
	0,7,7,7,7,7,7,7,
	4,4,4,4,4,4,4,4,
	4,6,6,4,4,6,6,4,
	4,4,2,2,2,4,6,6,
	6,6,4,4,6,6,4,6,
	4,6,4,6,6,4,4,4,
	7,7,7,7,7,7,7,7,
	7,7,0,0,0,0,7,0,
	0,7,7,7,7,7,7,7,
	4,6,4,4,6,6,6,4,
	4,4,4,6,6,4,6,4,
	6,4,2,2,2,4,6,6,
	6,6,6,4,6,6,4,4,
	4,4,4,4,4,4,4,7,
	7,7,7,7,7,7,7,7,
	7,7,0,0,0,7,0,0,
	0,7,7,7,7,7,7,7,
	4,6,4,4,6,6,4,4,
	6,4,4,4,6,4,4,6,
	6,4,2,2,2,4,6,6,
	6,6,4,4,6,6,4,6,
	6,4,4,6,4,6,4,7,
	7,7,7,7,7,7,7,7,
	7,7,0,7,0,0,0,7,
	0,7,7,7,7,7,7,7,
	4,6,4,6,4,4,4,6,
	6,6,4,6,4,4,6,6,
	6,4,2,2,2,4,6,6,
	6,4,6,4,4,4,4,6,
	6,6,4,6,4,6,4,7,
	7,7,7,7,7,7,7,7,
	7,7,0,0,7,0,0,0,
	0,7,7,7,7,7,7,7,
	4,6,4,6,6,6,4,6,
	6,4,4,4,4,6,4,6,
	4,6,2,2,2,4,6,6,
	4,4,6,6,6,4,4,6,
	6,4,4,6,4,6,4,7,
	7,7,7,7,7,7,7,7,
	7,7,0,0,0,0,7,0,
	0,7,7,7,7,7,7,7,
	4,6,4,6,6,4,6,4,
	4,4,6,4,4,6,4,6,
	4,4,2,2,2,2,4,4,
	4,6,6,6,6,6,4,6,
	4,4,6,4,6,4,4,7,
	7,7,7,7,7,7,7,7,
	7,7,0,0,0,7,0,0,
	0,7,7,7,7,7,7,7,
	4,6,4,6,6,4,6,6,
	4,6,6,6,4,6,6,4,
	4,2,2,2,2,2,2,4,
	4,6,6,6,6,6,4,4,
	4,6,6,4,4,4,2,0,
	7,7,7,7,7,7,7,7,
	7,7,0,7,0,0,0,7,
	0,7,7,7,7,7,7,7,
	4,4,6,6,4,6,6,4,
	4,6,6,6,4,6,6,6,
	4,0,0,2,2,2,2,0,
	7,4,6,6,6,4,6,6,
	6,4,6,6,4,2,2,0,
	0,7,7,7,7,7,7,7,
	7,7,0,0,7,0,0,0,
	0,7,7,7,7,7,7,7,
	7,4,6,6,4,6,6,4,
	6,4,6,6,4,6,6,6,
	4,7,0,0,0,2,0,7,
	7,7,4,4,6,4,6,6,
	6,6,4,4,4,2,2,0,
	0,7,7,7,7,7,7,7,
	7,7,0,0,0,0,7,0,
	0,7,7,7,7,7,7,7,
	7,7,4,4,6,6,4,4,
	6,4,6,6,4,6,6,4,
	4,7,7,7,0,2,0,0,
	7,7,7,4,4,4,6,6,
	6,6,4,2,2,2,2,0,
	7,7,7,7,7,7,7,7,
	7,7,0,0,0,7,0,0,
	0,7,7,7,7,7,7,7,
	7,7,4,4,6,6,4,6,
	6,4,6,6,4,6,4,4,
	7,7,7,7,0,2,2,0,
	7,7,7,7,7,4,4,4,
	4,4,7,0,0,2,2,0,
	7,7,7,7,7,7,7,7,
	7,7,0,7,0,0,0,7,
	0,7,7,7,7,7,7,7,
	7,7,7,4,4,6,4,6,
	6,4,6,6,4,4,7,7,
	7,7,7,7,0,0,0,7,
	7,7,7,7,7,7,7,7,
	7,7,7,7,0,0,0,0,
	7,7,7,7,7,7,7,7,
	7,7,0,0,7,0,0,0,
	0,7,7,7,7,7,7,7,
	7,7,7,7,4,4,4,6,
	6,4,4,6,4,7,7,7,
	7,7,7,7,7,7,7,7,
	7,7,7,7,7,7,7,7,
	7,7,7,7,7,7,7,0,
	7,7,7,7,7,7,7,7,
	7,7,0,0,0,0,7,0,
	0,7,7,7,1,1,1,7,
	7,7,1,7,7,7,1,4,
	4,1,1,1,1,7,7,7,
	1,7,7,7,1,7,7,7,
	1,1,1,7,7,7,7,7,
	1,7,7,7,7,1,7,7,
	7,1,7,7,7,7,7,7,
	7,7,0,0,0,7,0,0,
	0,7,7,1,7,7,7,1,
	7,7,1,7,7,7,1,7,
	7,1,7,7,7,1,7,7,
	1,7,7,7,1,7,7,1,
	7,7,7,1,7,7,7,7,
	1,7,7,7,7,1,1,7,
	7,1,7,7,7,7,7,7,
	7,7,0,7,0,0,0,7,
	0,7,7,1,7,7,7,1,
	7,7,1,7,7,7,1,7,
	7,1,7,7,7,1,7,7,
	1,7,7,7,1,7,7,1,
	7,7,7,7,7,7,7,1,
	7,1,7,7,7,1,1,7,
	7,1,7,7,7,7,7,7,
	7,7,0,0,7,0,0,0,
	0,7,7,1,7,7,7,7,
	7,7,1,7,7,7,1,7,
	7,1,7,7,7,1,7,7,
	7,1,7,1,7,7,7,7,
	1,7,7,7,7,7,7,1,
	7,1,7,7,7,1,7,1,
	7,1,7,7,7,7,7,7,
	7,7,0,0,0,0,7,0,
	0,7,7,1,7,7,7,7,
	7,7,1,1,1,1,1,7,
	7,1,1,1,1,7,7,7,
	7,7,1,7,7,7,7,7,
	7,1,1,7,7,7,7,1,
	7,1,7,7,7,1,7,1,
	7,1,7,7,1,1,1,7,
	7,7,0,0,0,7,0,0,
	0,7,7,1,7,7,7,7,
	7,7,1,7,7,7,1,7,
	7,1,7,7,1,7,7,7,
	7,7,1,7,7,7,7,7,
	7,7,7,1,7,7,1,7,
	7,7,1,7,7,1,7,7,
	1,1,7,7,7,7,7,7,
	7,7,0,7,0,0,0,7,
	0,7,7,1,7,7,7,1,
	7,7,1,7,7,7,1,7,
	7,1,7,7,7,1,7,7,
	7,7,1,7,7,7,7,1,
	7,7,7,1,7,7,1,1,
	1,1,1,7,7,1,7,7,
	1,1,7,7,7,7,7,7,
	7,7,0,0,7,0,0,0,
	0,7,7,1,7,7,7,1,
	7,7,1,7,7,7,1,7,
	7,1,7,7,7,1,7,7,
	7,7,1,7,7,7,7,1,
	7,7,7,1,7,7,1,7,
	7,7,1,7,7,1,7,7,
	7,1,7,7,7,7,7,7,
	7,7,0,0,0,0,7,0,
	0,7,7,7,1,1,1,7,
	7,7,1,7,7,7,1,7,
	7,1,7,7,7,1,7,7,
	7,7,1,7,7,7,7,7,
	1,1,1,7,7,7,1,7,
	7,7,1,7,7,1,7,7,
	7,1,7,7,7,7,7,7,
	7,7,0,0,0,7,0,0,
	0,7,7,7,7,7,7,7,
	7,7,7,7,7,7,7,7,
	7,7,7,7,7,7,7,7,
	7,7,7,7,7,7,7,7,
	7,7,7,7,7,7,7,7,
	7,7,7,7,7,7,7,7,
	7,7,7,7,7,7,7,7,
	7,7,0,7,0,0,0,7,
	0,7,7,7,7,7,7,7,
	7,7,7,7,7,7,7,7,
	1,1,1,1,1,7,7,1,
	7,7,7,1,7,7,1,1,
	1,1,1,7,1,7,7,7,
	7,1,7,7,1,7,7,7,
	1,7,1,7,7,7,7,1,
	7,7,0,0,7,0,0,0,
	0,7,7,7,7,7,7,7,
	7,7,7,7,7,7,7,7,
	7,7,1,7,7,7,7,1,
	7,7,7,1,7,7,1,7,
	7,7,7,7,1,7,7,7,
	7,1,7,7,1,7,7,7,
	1,7,1,7,7,7,7,1,
	7,7,0,0,0,0,7,0,
	0,7,7,7,7,7,7,7,
	7,7,7,7,7,7,7,7,
	7,7,1,7,7,7,7,1,
	7,7,7,1,7,7,1,7,
	7,7,7,7,1,1,7,7,
	1,1,7,7,1,7,7,7,
	1,7,1,1,7,7,1,1,
	7,7,0,0,0,7,0,0,
	0,7,7,7,7,7,7,7,
	7,7,7,7,7,7,7,7,
	7,7,1,7,7,7,7,1,
	7,7,7,1,7,7,1,7,
	7,7,7,7,1,1,7,7,
	1,1,7,7,1,7,7,7,
	1,7,1,1,7,7,1,1,
	7,7,0,7,0,0,0,7,
	0,7,7,7,7,7,7,7,
	7,7,7,7,7,7,7,7,
	7,7,1,7,7,7,7,1,
	1,1,1,1,7,7,1,1,
	1,1,7,7,1,7,1,1,
	7,1,7,7,1,7,7,7,
	1,7,1,7,1,1,7,1,
	7,7,0,0,7,0,0,0,
	0,7,7,7,7,7,7,7,
	7,7,7,7,7,7,7,7,
	7,7,1,7,7,7,7,1,
	7,7,7,1,7,7,1,7,
	7,7,7,7,1,7,1,1,
	7,1,7,7,1,7,7,7,
	1,7,1,7,1,1,7,1,
	7,7,0,0,0,0,7,0,
	0,7,7,7,7,7,7,7,
	7,7,7,7,7,7,7,7,
	7,7,1,7,7,7,7,1,
	7,7,7,1,7,7,1,7,
	7,7,7,7,1,7,7,7,
	7,1,7,7,1,7,7,7,
	1,7,1,7,7,7,7,1,
	7,7,0,0,0,7,0,0,
	0,7,7,7,7,7,7,7,
	7,7,7,7,7,7,7,7,
	7,7,1,7,7,7,7,1,
	7,7,7,1,7,7,1,7,
	7,7,7,7,1,7,7,7,
	7,1,7,7,1,7,7,7,
	1,7,1,7,7,7,7,1,
	7,7,0,7,0,0,0,7,
	0,7,7,7,7,7,7,7,
	7,7,7,7,7,7,7,7,
	7,7,1,7,7,7,7,1,
	7,7,7,1,7,7,1,1,
	1,1,1,7,1,7,7,7,
	7,1,7,7,7,1,1,1,
	7,7,1,7,7,7,7,1,
	7,7,0,0,7,0,0,0,
	0,7,7,7,7,7,7,7,
	7,7,7,7,7,7,7,7,
	7,7,7,7,7,7,7,7,
	7,7,7,7,7,7,7,7,
	7,7,7,7,7,7,7,7,
	7,7,7,7,7,7,7,7,
	7,7,7,7,7,7,7,7,
	7,7,0,0,0,0,7,0,
	0,7,7,7,7,7,7,7,
	7,7,7,7,7,7,7,7,
	7,7,7,7,7,7,7,7,
	7,7,7,7,7,7,7,7,
	7,7,7,7,7,7,7,7,
	7,7,7,7,7,7,7,7,
	7,7,7,7,7,7,7,7,
	7,7,0,0,0,7,0,0,
	0,0,0,0,0,0,0,0,
	0,0,0,0,0,0,0,0,
	0,0,0,0,0,0,0,0,
	0,0,0,0,0,0,0,0,
	0,0,0,0,0,0,0,0,
	0,0,0,0,0,0,0,0,
	0,0,0,0,0,0,0,0,
	0,0,0,7,0,0,0,7,
	7,0,7,7,0,7,7,7,
	0,7,7,7,0,7,7,7,
	0,7,7,7,0,7,7,7,
	0,7,7,7,0,7,7,7,
	0,7,7,7,0,7,7,7,
	0,7,7,7,0,7,7,7,
	0,7,7,7,0,7,7,7,
	0,7,7,0,0,7,7,0,
	7,7,0,7,7,7,0,7,
	7,7,0,7,7,7,0,7,
	7,7,0,7,7,7,0,7,
	7,7,0,7,7,7,0,7,
	7,7,0,7,7,7,0,7,
	7,7,0,7,7,7,0,7,
	7,7,0,7,7,7,0,7,
	7,7,0,7,0,0,0,0,
	7,7,7,0,7,0,7,7,
	7,0,7,7,7,0,7,7,
	7,0,7,7,7,0,7,7,
	7,0,7,7,7,0,7,7,
	7,0,7,7,7,0,7,7,
	7,0,7,7,7,0,7,7,
	7,0,7,7,7,0,7,7,
	7,0,7,7,7,0,0,0,
	7,7,7,7,0,7,7,0,
	7,7,7,0,7,7,7,0,
	7,7,7,0,7,7,7,0,
	7,7,7,0,7,7,7,0,
	7,7,7,0,7,7,7,0,
	7,7,7,0,7,7,7,0,
	7,7,7,0,7,7,7,0,
	7,7,7,0,7,7,7,0,
};
