/*	@(#)cNEW	10.1	(MASSCOMP)	edited 3/27/89, built 5/4/89	*/
#define cNEW_width=64
#define cNEW_height=16
static char cNEW_bits[] = {
	4,4,4,4,4,4,4,4,
	4,4,4,4,4,4,4,4,
	4,4,4,4,4,4,4,4,
	4,4,4,4,4,4,4,4,
	4,4,4,4,4,4,4,4,
	4,4,4,4,4,4,4,4,
	4,4,4,4,4,4,4,4,
	4,4,4,4,4,4,4,4,
	4,7,7,7,7,7,7,7,
	7,7,7,7,7,7,7,7,
	7,7,7,7,7,7,7,7,
	7,7,7,7,7,7,7,7,
	7,7,7,7,7,7,7,7,
	7,7,7,7,7,7,7,7,
	7,7,7,7,7,7,7,7,
	7,7,7,7,7,7,7,4,
	4,7,7,7,7,7,7,7,
	7,7,7,7,7,7,7,7,
	7,7,4,4,7,7,7,7,
	4,4,7,7,7,4,4,4,
	4,4,4,4,7,7,4,4,
	7,7,7,7,7,4,4,7,
	7,7,7,7,7,7,7,7,
	7,7,7,7,7,7,7,4,
	4,7,7,7,7,7,7,7,
	7,7,7,7,7,7,7,7,
	7,7,4,4,4,7,7,7,
	4,4,7,7,7,4,4,4,
	4,4,4,4,7,7,4,4,
	7,7,7,7,7,4,4,7,
	7,7,7,7,7,7,7,7,
	7,7,7,7,7,7,7,4,
	4,7,7,7,7,7,7,7,
	7,7,7,7,7,7,7,7,
	7,7,4,4,4,7,7,7,
	4,4,7,7,7,4,4,7,
	7,7,7,7,7,7,4,4,
	7,7,7,7,7,4,4,7,
	7,7,7,7,7,7,7,7,
	7,7,7,7,7,7,7,4,
	4,7,7,7,7,7,7,7,
	7,7,7,7,7,7,7,7,
	7,7,4,4,4,4,7,7,
	4,4,7,7,7,4,4,7,
	7,7,7,7,7,7,4,4,
	7,7,7,7,7,4,4,7,
	7,7,7,7,7,7,7,7,
	7,7,7,7,7,7,7,4,
	4,7,7,7,7,7,7,7,
	7,7,7,7,7,7,7,7,
	7,7,4,4,4,4,7,7,
	4,4,7,7,7,4,4,7,
	7,7,7,7,7,7,4,4,
	7,7,7,7,7,4,4,7,
	7,7,7,7,7,7,7,7,
	7,7,7,7,7,7,7,4,
	4,7,7,7,7,7,7,7,
	7,7,7,7,7,7,7,7,
	7,7,4,4,7,4,4,7,
	4,4,7,7,7,4,4,4,
	4,4,4,7,7,7,4,4,
	7,7,4,7,7,4,4,7,
	7,7,7,7,7,7,7,7,
	7,7,7,7,7,7,7,4,
	4,7,7,7,7,7,7,7,
	7,7,7,7,7,7,7,7,
	7,7,4,4,7,7,4,4,
	4,4,7,7,7,4,4,4,
	4,4,4,7,7,7,4,4,
	7,4,4,4,7,4,4,7,
	7,7,7,7,7,7,7,7,
	7,7,7,7,7,7,7,4,
	4,7,7,7,7,7,7,7,
	7,7,7,7,7,7,7,7,
	7,7,4,4,7,7,4,4,
	4,4,7,7,7,4,4,7,
	7,7,7,7,7,7,4,4,
	7,4,4,4,7,4,4,7,
	7,7,7,7,7,7,7,7,
	7,7,7,7,7,7,7,4,
	4,7,7,7,7,7,7,7,
	7,7,7,7,7,7,7,7,
	7,7,4,4,7,7,7,4,
	4,4,7,7,7,4,4,7,
	7,7,7,7,7,7,4,4,
	4,4,7,4,4,4,4,7,
	7,7,7,7,7,7,7,7,
	7,7,7,7,7,7,7,4,
	4,7,7,7,7,7,7,7,
	7,7,7,7,7,7,7,7,
	7,7,4,4,7,7,7,7,
	4,4,7,7,7,4,4,7,
	7,7,7,7,7,7,4,4,
	4,7,7,7,4,4,4,7,
	7,7,7,7,7,7,7,7,
	7,7,7,7,7,7,7,4,
	4,7,7,7,7,7,7,7,
	7,7,7,7,7,7,7,7,
	7,7,4,4,7,7,7,7,
	4,4,7,7,7,4,4,4,
	4,4,4,4,7,7,4,4,
	4,7,7,7,4,4,4,7,
	7,7,7,7,7,7,7,7,
	7,7,7,7,7,7,7,4,
	4,7,7,7,7,7,7,7,
	7,7,7,7,7,7,7,7,
	7,7,4,4,7,7,7,7,
	4,4,7,7,7,4,4,4,
	4,4,4,4,7,7,4,4,
	7,7,7,7,7,4,4,7,
	7,7,7,7,7,7,7,7,
	7,7,7,7,7,7,7,4,
	4,7,7,7,7,7,7,7,
	7,7,7,7,7,7,7,7,
	7,7,7,7,7,7,7,7,
	7,7,7,7,7,7,7,7,
	7,7,7,7,7,7,7,7,
	7,7,7,7,7,7,7,7,
	7,7,7,7,7,7,7,7,
	7,7,7,7,7,7,7,4,
	4,4,4,4,4,4,4,4,
	4,4,4,4,4,4,4,4,
	4,4,4,4,4,4,4,4,
	4,4,4,4,4,4,4,4,
	4,4,4,4,4,4,4,4,
	4,4,4,4,4,4,4,4,
	4,4,4,4,4,4,4,4,
	4,4,4,4,4,4,4,4,
};
