/*	@(#)cNUM2	10.1	(MASSCOMP)	edited 3/27/89, built 5/4/89	*/
#define cNUM2_width=64
#define cNUM2_height=64
 char cNUM2_bits[] = {
	0,0,0,0,0,0,0,0,
	0,0,0,0,0,0,0,0,
	0,0,0,0,0,0,0,0,
	0,0,0,0,0,0,0,0,
	0,0,0,0,0,0,0,0,
	0,0,0,0,0,0,0,0,
	0,0,0,0,0,0,0,0,
	0,0,0,7,7,7,7,7,
	0,7,7,7,7,7,7,7,
	7,7,7,7,7,7,7,7,
	7,7,7,7,7,7,7,7,
	7,7,7,7,7,7,7,7,
	7,7,7,7,7,7,7,7,
	7,7,7,7,7,7,7,7,
	7,7,7,7,7,7,7,7,
	7,7,0,0,7,7,7,7,
	0,7,2,2,2,2,2,2,
	2,2,2,2,2,2,2,2,
	2,2,2,2,2,2,2,2,
	2,2,2,2,2,2,2,2,
	2,2,2,2,2,2,2,2,
	2,2,2,2,2,2,2,2,
	2,2,2,2,2,2,2,2,
	2,7,0,0,0,0,7,7,
	0,7,2,2,2,2,2,2,
	2,2,2,2,2,2,2,2,
	2,2,2,2,2,2,2,2,
	2,2,2,2,2,2,2,2,
	2,2,2,2,2,2,2,2,
	2,2,2,2,2,2,2,2,
	2,2,2,2,2,2,2,2,
	2,7,0,7,0,0,0,7,
	0,7,2,2,7,7,7,7,
	7,7,7,7,7,7,7,7,
	7,7,7,7,7,7,7,7,
	7,7,7,7,7,7,7,7,
	7,7,7,7,7,7,7,7,
	7,7,7,7,7,7,7,7,
	7,7,7,7,7,7,7,2,
	2,7,0,0,7,0,0,0,
	0,7,2,2,7,7,7,7,
	7,7,7,7,7,7,7,7,
	7,7,7,7,7,7,7,7,
	7,7,7,7,7,7,7,7,
	7,7,7,7,7,7,7,7,
	7,7,7,7,7,7,7,7,
	7,7,7,7,7,7,7,2,
	2,7,0,0,0,0,7,0,
	0,7,2,2,7,7,7,7,
	7,7,7,7,7,7,7,7,
	7,7,7,7,7,7,7,7,
	7,7,7,7,7,7,7,7,
	7,7,7,7,7,7,7,7,
	7,7,7,7,7,7,7,7,
	7,7,7,7,7,7,7,2,
	2,7,0,0,0,7,0,0,
	0,7,2,2,7,7,7,7,
	7,7,7,7,7,7,7,7,
	7,7,7,7,7,7,7,7,
	7,7,7,7,7,7,7,7,
	7,7,7,7,7,7,7,7,
	7,7,7,7,7,7,7,7,
	7,7,7,7,7,7,7,2,
	2,7,0,7,0,0,0,7,
	0,7,2,2,7,7,7,7,
	7,7,7,7,7,7,7,7,
	7,7,7,7,7,7,7,7,
	7,7,7,7,7,7,7,7,
	7,7,7,7,7,7,7,7,
	7,7,7,7,7,7,7,7,
	7,7,7,7,7,7,7,2,
	2,7,0,0,7,0,0,0,
	0,7,2,2,7,7,7,7,
	7,7,7,7,7,7,7,7,
	7,7,7,7,7,7,7,7,
	7,7,7,7,7,7,7,7,
	7,7,7,7,7,7,7,7,
	7,7,7,7,7,7,7,7,
	7,7,7,7,7,7,7,2,
	2,7,0,0,0,0,7,0,
	0,7,2,2,7,7,7,7,
	7,7,7,7,7,7,7,7,
	7,7,7,7,7,7,7,7,
	7,7,7,7,7,7,7,7,
	7,7,7,7,7,7,7,7,
	7,7,7,7,7,7,7,7,
	7,7,7,7,7,7,7,2,
	2,7,0,0,0,7,0,0,
	0,7,2,2,7,7,7,7,
	7,7,7,7,7,7,7,7,
	7,7,7,7,7,7,7,7,
	7,7,7,7,7,7,7,7,
	7,7,7,7,7,7,7,7,
	7,7,7,7,7,7,7,7,
	7,7,7,7,7,7,7,2,
	2,7,0,7,0,0,0,7,
	0,7,2,2,7,7,7,7,
	7,7,7,7,7,7,7,7,
	7,7,7,7,7,7,7,7,
	7,7,1,1,1,1,1,1,
	1,7,7,7,7,7,7,7,
	7,7,7,7,7,7,7,7,
	7,7,7,7,7,7,7,2,
	2,7,0,0,7,0,0,0,
	0,7,2,2,7,7,7,7,
	7,7,7,7,7,7,7,7,
	7,7,7,7,7,7,7,7,
	1,1,1,7,7,7,7,7,
	1,1,1,1,7,7,7,7,
	7,7,7,7,7,7,7,7,
	7,7,7,7,7,7,7,2,
	2,7,0,0,0,0,7,0,
	0,7,2,2,7,7,7,7,
	7,7,7,7,7,7,7,7,
	7,7,7,7,7,7,7,1,
	1,1,7,7,7,7,7,7,
	7,1,1,1,1,7,7,7,
	7,7,7,7,7,7,7,7,
	7,7,7,7,7,7,7,2,
	2,7,0,0,0,7,0,0,
	0,7,2,2,7,7,7,7,
	7,7,7,7,7,7,7,7,
	7,7,7,7,7,7,1,1,
	1,7,7,7,7,7,7,7,
	7,7,7,1,1,1,7,7,
	7,7,7,7,7,7,7,7,
	7,7,7,7,7,7,7,2,
	2,7,0,7,0,0,0,7,
	0,7,2,2,7,7,7,7,
	7,7,7,7,7,7,7,7,
	7,7,7,7,7,1,1,1,
	1,7,7,7,7,7,7,7,
	7,7,7,7,1,1,1,7,
	7,7,7,7,7,7,7,7,
	7,7,7,7,7,7,7,2,
	2,7,0,0,7,0,0,0,
	0,7,2,2,7,7,7,7,
	7,7,7,7,7,7,7,7,
	7,7,7,7,1,1,1,1,
	7,7,7,7,7,7,7,7,
	7,7,7,7,1,1,1,1,
	7,7,7,7,7,7,7,7,
	7,7,7,7,7,7,7,2,
	2,7,0,0,0,0,7,0,
	0,7,2,2,7,7,7,7,
	7,7,7,7,7,7,7,7,
	7,7,7,1,1,1,1,1,
	7,7,7,7,7,7,7,7,
	7,7,7,7,7,1,1,1,
	1,7,7,7,7,7,7,7,
	7,7,7,7,7,7,7,2,
	2,7,0,0,0,7,0,0,
	0,7,2,2,7,7,7,7,
	7,7,7,7,7,7,7,7,
	7,7,7,1,1,1,1,7,
	7,7,7,7,7,7,7,7,
	7,7,7,7,7,1,1,1,
	1,7,7,7,7,7,7,7,
	7,7,7,7,7,7,7,2,
	2,7,0,7,0,0,0,7,
	0,7,2,2,7,7,7,7,
	7,7,7,7,7,7,7,7,
	7,7,7,1,1,1,1,7,
	7,7,7,7,7,7,7,7,
	7,7,7,7,7,1,1,1,
	1,1,7,7,7,7,7,7,
	7,7,7,7,7,7,7,2,
	2,7,0,0,7,0,0,0,
	0,7,2,2,7,7,7,7,
	7,7,7,7,7,7,7,7,
	7,7,7,7,7,7,7,7,
	7,7,7,7,7,7,7,7,
	7,7,7,7,7,1,1,1,
	1,1,7,7,7,7,7,7,
	7,7,7,7,7,7,7,2,
	2,7,0,0,0,0,7,0,
	0,7,2,2,7,7,7,7,
	7,7,7,7,7,7,7,7,
	7,7,7,7,7,7,7,7,
	7,7,7,7,7,7,7,7,
	7,7,7,7,7,7,1,1,
	1,1,7,7,7,7,7,7,
	7,7,7,7,7,7,7,2,
	2,7,0,0,0,7,0,0,
	0,7,2,2,7,7,7,7,
	7,7,7,7,7,7,7,7,
	7,7,7,7,7,7,7,7,
	7,7,7,7,7,7,7,7,
	7,7,7,7,7,1,1,1,
	1,1,7,7,7,7,7,7,
	7,7,7,7,7,7,7,2,
	2,7,0,7,0,0,0,7,
	0,7,2,2,7,7,7,7,
	7,7,7,7,7,7,7,7,
	7,7,7,7,7,7,7,7,
	7,7,7,7,7,7,7,7,
	7,7,7,7,7,1,1,1,
	1,1,7,7,7,7,7,7,
	7,7,7,7,7,7,7,2,
	2,7,0,0,7,0,0,0,
	0,7,2,2,7,7,7,7,
	7,7,7,7,7,7,7,7,
	7,7,7,7,7,7,7,7,
	7,7,7,7,7,7,7,7,
	7,7,7,7,7,1,1,1,
	1,1,7,7,7,7,7,7,
	7,7,7,7,7,7,7,2,
	2,7,0,0,0,0,7,0,
	0,7,2,2,7,7,7,7,
	7,7,7,7,7,7,7,7,
	7,7,7,7,7,7,7,7,
	7,7,7,7,7,7,7,7,
	7,7,7,7,7,1,1,1,
	1,7,7,7,7,7,7,7,
	7,7,7,7,7,7,7,2,
	2,7,0,0,0,7,0,0,
	0,7,2,2,7,7,7,7,
	7,7,7,7,7,7,7,7,
	7,7,7,7,7,7,7,7,
	7,7,7,7,7,7,7,7,
	7,7,7,7,7,1,1,1,
	7,7,7,7,7,7,7,7,
	7,7,7,7,7,7,7,2,
	2,7,0,7,0,0,0,7,
	0,7,2,2,7,7,7,7,
	7,7,7,7,7,7,7,7,
	7,7,7,7,7,7,7,7,
	7,7,7,7,7,7,7,7,
	7,7,7,1,1,1,1,1,
	7,7,7,7,7,7,7,7,
	7,7,7,7,7,7,7,2,
	2,7,0,0,7,0,0,0,
	0,7,2,2,7,7,7,7,
	7,7,7,7,7,7,7,7,
	7,7,7,7,7,7,7,7,
	7,7,7,7,7,7,7,7,
	7,7,7,1,1,1,1,7,
	7,7,7,7,7,7,7,7,
	7,7,7,7,7,7,7,2,
	2,7,0,0,0,0,7,0,
	0,7,2,2,7,7,7,7,
	7,7,7,7,7,7,7,7,
	7,7,7,7,7,7,7,7,
	7,7,7,7,7,7,7,7,
	7,7,1,1,1,1,7,7,
	7,7,7,7,7,7,7,7,
	7,7,7,7,7,7,7,2,
	2,7,0,0,0,7,0,0,
	0,7,2,2,7,7,7,7,
	7,7,7,7,7,7,7,7,
	7,7,7,7,7,7,7,7,
	7,7,7,7,7,7,7,7,
	7,1,1,1,1,7,7,7,
	7,7,7,7,7,7,7,7,
	7,7,7,7,7,7,7,2,
	2,7,0,7,0,0,0,7,
	0,7,2,2,7,7,7,7,
	7,7,7,7,7,7,7,7,
	7,7,7,7,7,7,7,7,
	7,7,7,7,7,7,7,7,
	1,1,1,7,7,7,7,7,
	7,7,7,7,7,7,7,7,
	7,7,7,7,7,7,7,2,
	2,7,0,0,7,0,0,0,
	0,7,2,2,7,7,7,7,
	7,7,7,7,7,7,7,7,
	7,7,7,7,7,7,7,7,
	7,7,7,7,7,7,1,1,
	1,7,7,7,7,7,7,7,
	7,7,7,7,7,7,7,7,
	7,7,7,7,7,7,7,2,
	2,7,0,0,0,0,7,0,
	0,7,2,2,7,7,7,7,
	7,7,7,7,7,7,7,7,
	7,7,7,7,7,7,7,7,
	7,7,7,7,1,1,7,7,
	7,7,7,7,7,7,7,7,
	7,7,7,7,7,7,7,7,
	7,7,7,7,7,7,7,2,
	2,7,0,0,0,7,0,0,
	0,7,2,2,7,7,7,7,
	7,7,7,7,7,7,7,7,
	7,7,7,7,7,7,7,7,
	7,7,7,1,7,7,7,7,
	7,7,7,7,7,7,7,7,
	7,7,7,7,7,7,7,7,
	7,7,7,7,7,7,7,2,
	2,7,0,7,0,0,0,7,
	0,7,2,2,7,7,7,7,
	7,7,7,7,7,7,7,7,
	7,7,7,7,7,7,7,7,
	1,1,1,7,7,7,7,7,
	7,7,7,7,7,7,7,7,
	7,7,7,7,7,7,7,7,
	7,7,7,7,7,7,7,2,
	2,7,0,0,7,0,0,0,
	0,7,2,2,7,7,7,7,
	7,7,7,7,7,7,7,7,
	7,7,7,7,7,7,7,1,
	1,7,7,7,7,7,7,7,
	7,7,7,7,7,7,7,7,
	7,7,7,7,7,7,7,7,
	7,7,7,7,7,7,7,2,
	2,7,0,0,0,0,7,0,
	0,7,2,2,7,7,7,7,
	7,7,7,7,7,7,7,7,
	7,7,7,7,7,1,1,1,
	7,7,7,7,7,7,7,7,
	7,7,7,7,7,7,7,7,
	7,7,7,7,7,7,7,7,
	7,7,7,7,7,7,7,2,
	2,7,0,0,0,7,0,0,
	0,7,2,2,7,7,7,7,
	7,7,7,7,7,7,7,7,
	7,7,7,7,1,1,1,7,
	7,7,7,7,7,7,7,7,
	7,7,7,7,7,7,7,7,
	7,7,1,7,7,7,7,7,
	7,7,7,7,7,7,7,2,
	2,7,0,7,0,0,0,7,
	0,7,2,2,7,7,7,7,
	7,7,7,7,7,7,7,7,
	7,7,1,1,1,1,7,7,
	7,7,7,7,7,7,7,7,
	7,7,7,7,7,7,7,7,
	7,7,1,1,7,7,7,7,
	7,7,7,7,7,7,7,2,
	2,7,0,0,7,0,0,0,
	0,7,2,2,7,7,7,7,
	7,7,7,7,7,7,7,7,
	7,1,1,1,1,7,7,7,
	7,7,7,7,7,7,7,7,
	7,7,7,7,7,7,7,7,
	7,7,1,1,7,7,7,7,
	7,7,7,7,7,7,7,2,
	2,7,0,0,0,0,7,0,
	0,7,2,2,7,7,7,7,
	7,7,7,7,7,7,7,7,
	1,1,1,1,1,7,7,7,
	7,7,7,7,7,7,7,7,
	7,7,7,7,7,7,7,7,
	7,1,1,1,7,7,7,7,
	7,7,7,7,7,7,7,2,
	2,7,0,0,0,7,0,0,
	0,7,2,2,7,7,7,7,
	7,7,7,7,7,7,7,7,
	1,1,1,1,7,7,7,7,
	7,7,7,7,7,7,7,7,
	7,7,7,7,7,7,7,1,
	1,1,1,1,1,7,7,7,
	7,7,7,7,7,7,7,2,
	2,7,0,7,0,0,0,7,
	0,7,2,2,7,7,7,7,
	7,7,7,7,7,7,7,1,
	1,1,1,7,7,7,7,1,
	1,1,1,1,7,1,1,1,
	1,1,1,1,1,1,1,1,
	1,1,1,1,1,7,7,7,
	7,7,7,7,7,7,7,2,
	2,7,0,0,7,0,0,0,
	0,7,2,2,7,7,7,7,
	7,7,7,7,7,7,7,1,
	1,1,1,1,1,1,1,7,
	7,7,7,1,1,1,1,1,
	1,1,1,1,1,1,1,1,
	1,1,1,1,7,7,7,7,
	7,7,7,7,7,7,7,2,
	2,7,0,0,0,0,7,0,
	0,7,2,2,7,7,7,7,
	7,7,7,7,7,7,7,1,
	1,7,1,1,7,7,7,7,
	7,7,7,7,7,7,7,7,
	7,1,1,1,1,1,1,1,
	1,1,7,7,7,7,7,7,
	7,7,7,7,7,7,7,2,
	2,7,0,0,0,7,0,0,
	0,7,2,2,7,7,7,7,
	7,7,7,7,7,7,7,7,
	7,7,7,7,7,7,7,7,
	7,7,7,7,7,7,7,7,
	7,7,7,7,7,7,7,7,
	7,7,7,7,7,7,7,7,
	7,7,7,7,7,7,7,2,
	2,7,0,7,0,0,0,7,
	0,7,2,2,7,7,7,7,
	7,7,7,7,7,7,7,7,
	7,7,7,7,7,7,7,7,
	7,7,7,7,7,7,7,7,
	7,7,7,7,7,7,7,7,
	7,7,7,7,7,7,7,7,
	7,7,7,7,7,7,7,2,
	2,7,0,0,7,0,0,0,
	0,7,2,2,7,7,7,7,
	7,7,7,7,7,7,7,7,
	7,7,7,7,7,7,7,7,
	7,7,7,7,7,7,7,7,
	7,7,7,7,7,7,7,7,
	7,7,7,7,7,7,7,7,
	7,7,7,7,7,7,7,2,
	2,7,0,0,0,0,7,0,
	0,7,2,2,7,7,7,7,
	7,7,7,7,7,7,7,7,
	7,7,7,7,7,7,7,7,
	7,7,7,7,7,7,7,7,
	7,7,7,7,7,7,7,7,
	7,7,7,7,7,7,7,7,
	7,7,7,7,7,7,7,2,
	2,7,0,0,0,7,0,0,
	0,7,2,2,7,7,7,7,
	7,7,7,7,7,7,7,7,
	7,7,7,7,7,7,7,7,
	7,7,7,7,7,7,7,7,
	7,7,7,7,7,7,7,7,
	7,7,7,7,7,7,7,7,
	7,7,7,7,7,7,7,2,
	2,7,0,7,0,0,0,7,
	0,7,2,2,7,7,7,7,
	7,7,7,7,7,7,7,7,
	7,7,7,7,7,7,7,7,
	7,7,7,7,7,7,7,7,
	7,7,7,7,7,7,7,7,
	7,7,7,7,7,7,7,7,
	7,7,7,7,7,7,7,2,
	2,7,0,0,7,0,0,0,
	0,7,2,2,7,7,7,7,
	7,7,7,7,7,7,7,7,
	7,7,7,7,7,7,7,7,
	7,7,7,7,7,7,7,7,
	7,7,7,7,7,7,7,7,
	7,7,7,7,7,7,7,7,
	7,7,7,7,7,7,7,2,
	2,7,0,0,0,0,7,0,
	0,7,2,2,7,7,7,7,
	7,7,7,7,7,7,7,7,
	7,7,7,7,7,7,7,7,
	7,7,7,7,7,7,7,7,
	7,7,7,7,7,7,7,7,
	7,7,7,7,7,7,7,7,
	7,7,7,7,7,7,7,2,
	2,7,0,0,0,7,0,0,
	0,7,2,2,7,7,7,7,
	7,7,7,7,7,7,7,7,
	7,7,7,7,7,7,7,7,
	7,7,7,7,7,7,7,7,
	7,7,7,7,7,7,7,7,
	7,7,7,7,7,7,7,7,
	7,7,7,7,7,7,7,2,
	2,7,0,7,0,0,0,7,
	0,7,2,2,2,2,2,2,
	2,2,2,2,2,2,2,2,
	2,2,2,2,2,2,2,2,
	2,2,2,2,2,2,2,2,
	2,2,2,2,2,2,2,2,
	2,2,2,2,2,2,2,2,
	2,2,2,2,2,2,2,2,
	2,7,0,0,7,0,0,0,
	0,7,2,2,2,2,2,2,
	2,2,2,2,2,2,2,2,
	2,2,2,2,2,2,2,2,
	2,2,2,2,2,2,2,2,
	2,2,2,2,2,2,2,2,
	2,2,2,2,2,2,2,2,
	2,2,2,2,2,2,2,2,
	2,7,0,0,0,0,7,0,
	0,7,7,7,7,7,7,7,
	7,7,7,7,7,7,7,7,
	7,7,7,7,7,7,7,7,
	7,7,7,7,7,7,7,7,
	7,7,7,7,7,7,7,7,
	7,7,7,7,7,7,7,7,
	7,7,7,7,7,7,7,7,
	7,7,0,0,0,7,0,0,
	0,0,0,0,0,0,0,0,
	0,0,0,0,0,0,0,0,
	0,0,0,0,0,0,0,0,
	0,0,0,0,0,0,0,0,
	0,0,0,0,0,0,0,0,
	0,0,0,0,0,0,0,0,
	0,0,0,0,0,0,0,0,
	0,0,0,7,0,0,0,7,
	7,0,7,7,0,7,7,7,
	0,7,7,7,0,7,7,7,
	0,7,7,7,0,7,7,7,
	0,7,7,7,0,7,7,7,
	0,7,7,7,0,7,7,7,
	0,7,7,7,0,7,7,7,
	0,7,7,7,0,7,7,7,
	0,7,7,0,0,7,7,0,
	7,7,0,7,7,7,0,7,
	7,7,0,7,7,7,0,7,
	7,7,0,7,7,7,0,7,
	7,7,0,7,7,7,0,7,
	7,7,0,7,7,7,0,7,
	7,7,0,7,7,7,0,7,
	7,7,0,7,7,7,0,7,
	7,7,0,7,0,0,0,0,
	7,7,7,0,7,0,7,7,
	7,0,7,7,7,0,7,7,
	7,0,7,7,7,0,7,7,
	7,0,7,7,7,0,7,7,
	7,0,7,7,7,0,7,7,
	7,0,7,7,7,0,7,7,
	7,0,7,7,7,0,7,7,
	7,0,7,7,7,0,0,0,
	7,7,7,7,0,7,7,0,
	7,7,7,0,7,7,7,0,
	7,7,7,0,7,7,7,0,
	7,7,7,0,7,7,7,0,
	7,7,7,0,7,7,7,0,
	7,7,7,0,7,7,7,0,
	7,7,7,0,7,7,7,0,
	7,7,7,0,7,7,7,0,
};
