/*	@(#)cORC	10.1	(MASSCOMP)	edited 3/27/89, built 5/4/89	*/
#define cORC_width=64
#define cORC_height=64
char cORC_bits[] = {
	0,0,0,0,0,0,0,0,
	0,0,0,0,0,0,0,0,
	0,0,0,0,0,0,0,0,
	0,0,0,0,0,0,0,0,
	0,0,0,0,0,0,0,0,
	0,0,0,0,0,0,0,0,
	0,0,0,0,0,0,0,0,
	0,0,0,7,7,7,7,7,
	0,7,7,7,7,7,7,7,
	7,7,7,7,7,7,7,7,
	7,7,7,7,7,7,7,7,
	7,7,7,7,7,7,7,7,
	7,7,7,7,7,7,7,7,
	7,7,7,7,7,7,7,7,
	7,7,7,7,7,7,7,7,
	7,7,0,0,7,7,7,7,
	0,7,7,7,7,7,7,7,
	7,7,7,7,7,7,7,7,
	7,7,7,7,7,7,7,7,
	7,7,7,7,7,7,7,7,
	7,7,7,7,7,7,7,7,
	7,7,7,7,7,7,7,7,
	7,7,7,7,7,7,7,7,
	7,7,0,0,0,0,7,7,
	0,7,7,7,7,7,7,7,
	7,7,7,1,1,1,7,7,
	7,1,1,1,1,7,7,7,
	7,1,1,1,7,7,7,1,
	7,7,7,1,7,7,1,1,
	1,1,1,7,7,1,1,1,
	7,7,7,7,7,7,7,7,
	7,7,0,7,0,0,0,7,
	0,7,7,7,7,7,7,7,
	7,7,1,7,7,7,1,7,
	7,1,7,7,7,1,7,7,
	1,7,7,7,1,7,7,1,
	7,7,7,1,7,7,7,7,
	1,7,7,7,7,1,7,7,
	1,7,7,7,7,7,7,7,
	7,7,0,0,7,0,0,0,
	0,7,7,7,7,7,7,7,
	7,7,1,7,7,7,1,7,
	7,1,7,7,7,1,7,7,
	1,7,7,7,1,7,7,1,
	7,7,7,1,7,7,7,7,
	1,7,7,7,7,1,7,7,
	7,1,7,7,7,7,7,7,
	7,7,0,0,0,0,7,0,
	0,7,7,7,7,7,7,7,
	7,7,1,7,7,7,1,7,
	7,1,7,7,7,1,7,7,
	1,7,7,7,7,7,7,1,
	7,7,7,1,7,7,7,7,
	1,7,7,7,7,1,7,7,
	7,1,7,7,7,7,7,7,
	7,7,0,0,0,7,0,0,
	0,7,7,7,7,7,7,7,
	7,7,1,7,7,7,1,7,
	7,1,1,1,1,7,7,7,
	1,7,7,7,7,7,7,1,
	1,1,1,1,7,7,7,7,
	1,7,7,7,7,1,7,7,
	7,1,7,7,7,7,7,7,
	7,7,0,7,0,0,0,7,
	0,7,7,7,7,7,7,7,
	7,7,1,7,7,7,1,7,
	7,1,7,7,1,7,7,7,
	1,7,7,7,7,7,7,1,
	7,7,7,1,7,7,7,7,
	1,7,7,7,7,1,7,7,
	7,1,7,7,7,7,7,7,
	7,7,0,0,7,0,0,0,
	0,7,7,7,7,7,7,7,
	7,7,1,7,7,7,1,7,
	7,1,7,7,7,1,7,7,
	1,7,7,7,1,7,7,1,
	7,7,7,1,7,7,7,7,
	1,7,7,7,7,1,7,7,
	7,1,7,7,7,7,7,7,
	7,7,0,0,0,0,7,0,
	0,7,7,7,7,7,7,7,
	7,7,1,7,7,7,1,7,
	7,1,7,7,7,1,7,7,
	1,7,7,7,1,7,7,1,
	7,7,7,1,7,7,7,7,
	1,7,7,7,7,1,7,7,
	1,7,7,7,7,7,7,7,
	7,7,0,0,0,7,0,0,
	0,7,7,7,7,7,7,0,
	7,7,7,1,1,1,7,7,
	7,1,7,7,7,1,7,7,
	7,1,1,1,7,7,7,1,
	7,7,7,1,7,7,1,1,
	1,1,1,7,7,1,1,1,
	7,7,7,7,7,7,7,7,
	7,7,0,7,0,0,0,7,
	0,7,7,7,7,7,2,2,
	7,7,7,7,7,7,7,7,
	7,7,7,7,7,7,7,7,
	7,7,7,7,7,7,7,7,
	7,7,7,7,7,7,7,7,
	7,7,7,7,7,7,7,7,
	7,7,7,7,7,7,7,7,
	7,7,0,0,7,0,0,0,
	0,7,7,7,7,7,0,2,
	7,7,7,7,7,7,7,7,
	7,7,7,7,7,7,7,7,
	7,7,7,7,7,7,7,7,
	7,7,7,7,7,7,7,7,
	7,7,7,7,7,7,7,7,
	7,7,7,7,7,7,7,7,
	7,7,0,0,0,0,7,0,
	0,7,7,7,7,7,0,2,
	7,7,7,7,7,7,7,7,
	7,7,7,7,7,7,7,7,
	7,7,7,7,7,7,7,7,
	7,7,7,7,7,7,7,7,
	7,7,7,7,7,7,7,7,
	7,7,7,7,7,7,7,7,
	7,7,0,0,0,7,0,0,
	0,7,7,7,7,7,0,2,
	0,7,7,7,7,7,7,7,
	7,7,7,7,7,7,7,7,
	7,7,7,7,7,7,7,7,
	7,7,7,7,7,7,7,7,
	7,7,7,7,7,7,7,7,
	7,7,7,7,7,7,7,7,
	7,7,0,7,0,0,0,7,
	0,7,7,7,7,7,7,2,
	0,7,7,7,7,7,7,7,
	7,7,7,7,7,7,7,7,
	7,7,7,0,0,0,0,7,
	7,7,7,7,7,7,7,7,
	7,7,7,7,7,7,7,7,
	2,7,7,7,7,7,7,7,
	7,7,0,0,7,0,0,0,
	0,7,7,7,7,7,7,0,
	2,0,7,7,7,7,7,7,
	7,7,7,7,7,7,7,7,
	7,7,0,0,6,6,0,7,
	7,7,7,7,7,7,7,7,
	7,7,7,7,7,7,7,7,
	2,0,7,7,7,7,7,7,
	7,7,0,0,0,0,7,0,
	0,7,7,7,7,7,7,0,
	2,7,7,7,7,7,7,7,
	7,7,7,7,7,7,7,7,
	7,7,0,6,6,6,6,0,
	7,7,7,7,7,7,7,7,
	7,7,7,7,7,7,7,7,
	2,0,7,7,7,7,7,7,
	7,7,0,0,0,7,0,0,
	0,7,7,7,7,7,7,0,
	2,0,7,7,7,7,7,7,
	7,7,7,7,7,7,7,7,
	7,0,6,6,6,6,6,0,
	7,7,7,7,7,7,7,7,
	7,7,7,7,7,7,7,7,
	0,0,7,7,7,7,7,7,
	7,7,0,7,0,0,0,7,
	0,7,7,7,7,7,7,0,
	2,0,7,7,7,7,7,7,
	7,7,7,7,7,7,7,7,
	7,0,0,6,6,6,6,0,
	7,7,7,7,7,7,7,7,
	7,7,7,7,7,7,2,2,
	2,7,7,7,7,7,7,7,
	7,7,0,0,7,0,0,0,
	0,7,7,7,7,7,7,7,
	0,2,0,7,7,7,7,7,
	7,7,7,0,0,0,7,7,
	7,7,0,6,6,6,6,0,
	7,7,0,0,0,0,7,7,
	7,7,7,7,7,7,2,2,
	0,7,7,7,7,7,7,7,
	7,7,0,0,0,0,7,0,
	0,7,7,7,7,7,7,7,
	0,2,0,7,7,7,7,7,
	7,0,0,6,6,0,0,0,
	7,7,0,6,6,6,6,0,
	0,0,6,6,6,6,0,0,
	7,7,7,7,7,7,2,0,
	7,7,7,7,7,7,7,7,
	7,7,0,0,0,7,0,0,
	0,7,7,7,7,7,7,7,
	0,2,0,7,7,7,7,7,
	7,0,6,6,6,6,6,0,
	0,7,7,0,6,6,6,6,
	0,6,6,6,6,6,6,6,
	0,7,7,7,7,7,2,0,
	7,7,7,7,7,7,7,7,
	7,7,0,7,0,0,0,7,
	0,7,7,7,7,7,7,7,
	7,0,2,0,7,7,7,0,
	0,6,6,6,6,6,6,6,
	0,0,7,0,6,6,0,0,
	6,6,6,6,6,6,6,6,
	0,0,7,7,0,2,2,7,
	7,7,7,7,7,7,7,7,
	7,7,0,0,7,0,0,0,
	0,7,7,7,7,7,7,7,
	7,0,2,0,7,7,7,0,
	6,6,6,6,6,6,6,6,
	6,6,0,0,6,6,0,6,
	6,6,6,6,6,6,6,6,
	6,0,7,7,0,2,0,7,
	7,7,7,7,7,7,7,7,
	7,7,0,0,0,0,7,0,
	0,7,7,7,7,7,7,7,
	7,7,0,2,0,7,7,7,
	0,0,6,6,6,6,6,6,
	6,6,0,6,6,6,0,6,
	6,6,6,6,6,6,6,6,
	0,0,7,0,2,0,7,7,
	7,7,7,7,7,7,7,7,
	7,7,0,0,0,7,0,0,
	0,7,7,7,7,7,7,7,
	7,7,0,2,0,7,7,7,
	7,0,0,6,6,6,6,6,
	6,6,0,0,0,0,0,0,
	6,6,6,6,6,6,6,0,
	0,7,7,2,2,7,7,7,
	7,7,7,7,7,2,0,7,
	7,7,0,7,0,0,0,7,
	0,7,7,7,7,7,7,7,
	7,7,0,2,2,0,7,7,
	7,7,0,0,0,0,0,0,
	0,0,0,0,6,6,0,0,
	0,0,0,0,6,0,0,0,
	7,7,0,2,0,7,7,7,
	7,7,7,2,2,0,7,7,
	7,7,0,0,7,0,0,0,
	0,7,7,7,7,7,7,7,
	7,7,0,2,2,0,7,7,
	7,7,7,7,7,7,0,0,
	6,0,6,6,6,6,0,6,
	6,6,6,0,0,7,7,7,
	7,0,2,2,0,7,7,7,
	7,2,2,2,0,7,7,7,
	7,7,0,0,0,0,7,0,
	0,7,7,7,7,7,7,7,
	7,7,7,0,2,0,7,7,
	7,7,7,7,7,0,6,6,
	0,6,6,0,0,0,0,6,
	6,6,6,6,6,0,7,7,
	7,2,2,0,7,7,7,7,
	2,2,0,7,7,7,7,7,
	7,7,0,0,0,7,0,0,
	0,7,7,7,7,7,7,7,
	7,7,7,0,2,2,0,7,
	7,7,7,7,0,6,6,0,
	6,6,0,6,3,6,6,0,
	6,6,6,6,6,0,7,7,
	7,2,2,0,7,7,7,2,
	2,0,7,7,7,7,7,7,
	7,7,0,7,0,0,0,7,
	0,7,7,7,7,7,7,7,
	7,7,7,0,0,2,0,7,
	7,7,7,0,6,6,6,0,
	0,0,6,3,3,3,6,0,
	6,6,6,6,6,0,7,7,
	0,2,0,7,7,2,2,0,
	0,7,7,7,7,7,7,7,
	7,7,0,0,7,0,0,0,
	0,7,7,7,7,7,7,7,
	7,7,7,7,0,2,2,0,
	7,7,7,0,6,6,6,0,
	5,5,7,3,3,3,6,5,
	0,6,6,6,6,0,7,7,
	2,2,0,7,2,2,0,7,
	7,7,7,7,7,7,7,7,
	7,7,0,0,0,0,7,0,
	0,7,7,7,7,7,7,7,
	7,2,7,7,0,2,2,0,
	7,7,7,7,0,6,6,0,
	5,6,3,3,3,3,6,5,
	0,0,6,6,0,0,7,0,
	2,0,2,2,0,0,7,7,
	7,7,7,7,7,7,7,7,
	7,7,0,0,0,7,0,0,
	0,7,7,7,7,7,7,7,
	7,2,7,7,7,0,2,2,
	0,7,7,7,0,6,6,0,
	5,6,3,3,3,3,6,5,
	0,0,0,0,7,7,7,0,
	2,2,0,0,7,7,7,7,
	7,7,7,7,7,7,7,7,
	7,7,0,7,0,0,0,7,
	0,7,7,7,7,7,7,7,
	7,0,2,7,7,0,2,2,
	2,0,7,7,0,0,0,0,
	5,5,6,7,3,6,6,5,
	0,0,7,7,7,7,7,0,
	2,2,0,7,7,7,7,7,
	7,7,7,7,2,0,7,7,
	7,7,0,0,7,0,0,0,
	0,7,7,7,7,7,7,7,
	7,0,2,7,7,7,0,2,
	2,0,7,7,7,7,0,0,
	5,5,6,6,6,5,5,5,
	0,7,7,7,7,7,0,0,
	7,0,7,7,7,7,7,7,
	2,2,2,2,0,7,7,7,
	7,7,0,0,0,0,7,0,
	0,7,7,7,7,7,7,7,
	7,7,0,2,7,7,0,2,
	2,2,0,7,7,7,7,0,
	5,5,5,6,6,5,5,5,
	0,7,7,7,7,0,0,2,
	0,0,7,7,7,7,2,2,
	2,2,2,0,7,7,7,7,
	7,7,0,0,0,7,0,0,
	0,7,7,7,7,7,7,7,
	7,7,0,2,2,7,7,0,
	2,2,0,7,7,7,7,0,
	5,5,5,5,5,5,0,0,
	7,7,7,7,0,2,2,0,
	7,0,7,7,7,2,2,2,
	2,2,0,7,7,7,7,7,
	7,7,0,7,0,0,0,7,
	0,7,7,7,7,7,7,7,
	7,7,7,0,2,2,7,0,
	0,2,0,7,7,7,7,0,
	0,0,5,5,5,0,0,7,
	7,7,7,0,2,2,0,7,
	2,0,7,7,2,2,2,2,
	0,0,7,7,7,7,7,7,
	7,7,0,0,7,0,0,0,
	0,7,7,7,7,7,7,7,
	7,7,7,0,2,2,7,7,
	0,2,2,0,7,7,7,7,
	7,0,0,0,0,0,7,7,
	7,7,0,2,2,0,7,7,
	2,0,7,7,2,2,0,0,
	2,7,7,7,7,7,7,7,
	7,7,0,0,0,0,7,0,
	0,7,7,7,7,7,7,7,
	7,7,7,7,0,2,7,7,
	7,0,2,2,0,7,7,0,
	0,0,7,7,7,7,7,7,
	7,0,2,2,0,7,7,0,
	2,0,7,2,0,0,0,7,
	7,7,7,7,7,7,7,7,
	7,7,0,0,0,7,0,0,
	0,7,7,7,7,7,7,7,
	7,7,7,7,0,2,7,7,
	7,0,0,2,0,7,7,0,
	0,2,2,0,7,7,7,7,
	0,2,2,0,7,7,7,0,
	2,0,7,0,0,2,7,7,
	7,7,7,2,0,0,0,7,
	7,7,0,7,0,0,0,7,
	0,7,7,7,7,7,7,7,
	7,7,7,7,0,2,2,7,
	7,7,0,2,2,0,0,0,
	2,2,0,7,7,7,7,7,
	0,2,0,7,7,7,7,2,
	2,0,7,7,7,7,7,7,
	7,2,2,0,2,2,7,7,
	7,7,0,0,7,0,0,0,
	0,7,7,7,7,7,7,7,
	7,7,7,7,7,0,2,2,
	7,7,0,0,2,2,0,2,
	2,0,7,7,7,7,7,0,
	2,0,7,7,7,7,7,2,
	0,0,7,7,7,7,7,2,
	2,0,0,2,2,7,7,7,
	7,7,0,0,0,0,7,0,
	0,7,7,7,7,7,7,7,
	0,7,7,7,7,0,2,2,
	7,7,7,0,2,2,2,2,
	0,0,7,7,7,7,0,2,
	2,7,7,7,7,7,0,2,
	0,7,7,7,7,2,2,2,
	0,0,2,7,7,7,7,7,
	7,7,0,0,0,7,0,0,
	0,7,7,7,7,7,7,7,
	2,0,0,7,7,7,0,2,
	2,7,7,0,2,2,2,2,
	0,7,7,7,7,0,0,2,
	0,7,7,7,7,7,0,2,
	0,7,7,7,2,2,2,0,
	0,2,7,7,7,7,7,7,
	7,7,0,7,0,0,0,7,
	0,7,7,7,7,7,7,7,
	7,2,0,0,7,7,0,0,
	2,2,7,7,0,0,2,2,
	0,7,7,0,0,2,2,0,
	7,7,7,7,7,7,2,2,
	0,7,7,7,2,2,2,0,
	2,2,7,7,7,7,7,7,
	7,7,0,0,7,0,0,0,
	0,7,7,7,7,7,7,7,
	7,7,2,2,0,7,7,0,
	2,2,7,7,7,0,2,2,
	2,7,7,0,2,2,2,7,
	7,7,7,7,7,0,2,0,
	7,7,7,2,2,0,0,2,
	7,7,7,7,7,7,7,7,
	7,7,0,0,0,0,7,0,
	0,7,7,7,7,7,7,7,
	7,7,2,2,2,0,7,7,
	0,2,2,2,7,0,0,2,
	2,7,7,7,2,2,0,7,
	7,7,7,7,0,2,2,0,
	7,7,2,2,2,0,7,7,
	7,7,7,7,7,7,7,7,
	7,7,0,0,0,7,0,0,
	0,7,7,7,7,7,7,7,
	7,7,7,2,2,2,0,7,
	7,0,2,2,2,7,0,0,
	2,2,7,7,2,0,7,7,
	7,7,7,7,0,2,0,7,
	7,7,2,2,0,2,7,7,
	7,7,7,7,7,7,7,7,
	7,7,0,7,0,0,0,7,
	0,7,7,7,7,7,7,7,
	7,7,7,7,2,2,2,2,
	7,7,0,2,2,2,7,0,
	0,0,2,7,0,7,7,7,
	7,7,7,0,2,2,0,7,
	7,2,0,0,2,2,7,7,
	7,7,7,7,7,7,7,7,
	7,7,0,0,7,0,0,0,
	0,7,7,7,7,7,7,7,
	7,7,7,7,7,2,2,2,
	0,7,7,0,2,2,7,7,
	7,0,7,7,7,7,7,7,
	7,7,0,2,2,0,7,7,
	7,0,0,2,2,7,7,7,
	7,7,7,7,7,7,7,7,
	7,7,0,0,0,0,7,0,
	0,7,7,7,7,7,7,7,
	7,7,7,7,7,2,2,2,
	0,0,7,7,0,0,2,2,
	7,7,0,7,7,7,7,7,
	7,7,2,7,7,7,7,7,
	7,0,2,2,7,7,7,7,
	7,7,7,7,7,7,7,7,
	7,7,0,0,0,7,0,0,
	0,7,7,7,7,7,7,7,
	7,7,7,7,7,7,2,2,
	7,0,7,7,7,7,7,7,
	7,7,7,7,7,7,7,7,
	7,7,7,7,7,7,7,7,
	7,7,7,7,7,7,7,7,
	7,7,7,7,7,7,7,7,
	7,7,0,7,0,0,0,7,
	0,7,7,7,7,7,7,7,
	7,7,7,7,7,7,7,7,
	7,7,7,7,7,7,7,7,
	7,7,7,7,7,7,7,7,
	7,7,7,7,7,7,7,7,
	7,7,7,7,7,7,7,7,
	7,7,7,7,7,7,7,7,
	7,7,0,0,7,0,0,0,
	0,7,7,7,7,7,7,7,
	7,7,7,7,7,7,7,7,
	7,7,7,7,7,7,7,7,
	7,7,7,7,7,7,7,7,
	7,7,7,7,7,7,7,7,
	7,7,7,7,7,7,7,7,
	7,7,7,7,7,7,7,7,
	7,7,0,0,0,0,7,0,
	0,7,7,7,7,7,7,7,
	7,7,7,7,7,7,7,7,
	7,7,7,7,7,7,7,7,
	7,7,7,7,7,7,7,7,
	7,7,7,7,7,7,7,7,
	7,7,7,7,7,7,7,7,
	7,7,7,7,7,7,7,7,
	7,7,0,0,0,7,0,0,
	0,0,0,0,0,0,0,0,
	0,0,0,0,0,0,0,0,
	0,0,0,0,0,0,0,0,
	0,0,0,0,0,0,0,0,
	0,0,0,0,0,0,0,0,
	0,0,0,0,0,0,0,0,
	0,0,0,0,0,0,0,0,
	0,0,0,7,0,0,0,7,
	7,0,7,7,0,7,7,7,
	0,7,7,7,0,7,7,7,
	0,7,7,7,0,7,7,7,
	0,7,7,7,0,7,7,7,
	0,7,7,7,0,7,7,7,
	0,7,7,7,0,7,7,7,
	0,7,7,7,0,7,7,7,
	0,7,7,0,0,7,7,0,
	7,7,0,7,7,7,0,7,
	7,7,0,7,7,7,0,7,
	7,7,0,7,7,7,0,7,
	7,7,0,7,7,7,0,7,
	7,7,0,7,7,7,0,7,
	7,7,0,7,7,7,0,7,
	7,7,0,7,7,7,0,7,
	7,7,0,7,0,0,0,0,
	7,7,7,0,7,0,7,7,
	7,0,7,7,7,0,7,7,
	7,0,7,7,7,0,7,7,
	7,0,7,7,7,0,7,7,
	7,0,7,7,7,0,7,7,
	7,0,7,7,7,0,7,7,
	7,0,7,7,7,0,7,7,
	7,0,7,7,7,0,0,0,
	7,7,7,7,0,7,7,0,
	7,7,7,0,7,7,7,0,
	7,7,7,0,7,7,7,0,
	7,7,7,0,7,7,7,0,
	7,7,7,0,7,7,7,0,
	7,7,7,0,7,7,7,0,
	7,7,7,0,7,7,7,0,
	7,7,7,0,7,7,7,0,
};
