/*	@(#)cQUIT	10.1	(MASSCOMP)	edited 3/27/89, built 5/4/89	*/
#define cQUIT_width=64
#define cQUIT_height=16
static char cQUIT_bits[] = {
	6,6,6,6,6,6,6,6,
	6,6,6,6,6,6,6,6,
	6,6,6,6,6,6,6,6,
	6,6,6,6,6,6,6,6,
	6,6,6,6,6,6,6,6,
	6,6,6,6,6,6,6,6,
	6,6,6,6,6,6,6,6,
	6,6,6,6,6,6,6,6,
	6,7,7,7,7,7,7,7,
	7,7,7,7,7,7,7,7,
	7,7,7,7,7,7,7,7,
	7,7,7,7,7,7,7,7,
	7,7,7,7,7,7,7,7,
	7,7,7,7,7,7,7,7,
	7,7,7,7,7,7,7,7,
	7,7,7,7,7,7,7,6,
	6,7,7,7,7,7,7,7,
	7,7,7,7,7,7,7,7,
	7,6,6,6,6,7,7,7,
	7,7,6,6,7,7,7,7,
	6,6,7,7,7,6,6,7,
	7,6,6,6,6,6,6,6,
	6,7,7,7,7,7,7,7,
	7,7,7,7,7,7,7,6,
	6,7,7,7,7,7,7,7,
	7,7,7,7,7,7,7,7,
	6,6,6,6,6,6,7,7,
	7,7,6,6,7,7,7,7,
	6,6,7,7,7,6,6,7,
	7,6,6,6,6,6,6,6,
	6,7,7,7,7,7,7,7,
	7,7,7,7,7,7,7,6,
	6,7,7,7,7,7,7,7,
	7,7,7,7,7,7,7,6,
	6,7,7,7,7,6,6,7,
	7,7,6,6,7,7,7,7,
	6,6,7,7,7,6,6,7,
	7,7,7,7,6,6,7,7,
	7,7,7,7,7,7,7,7,
	7,7,7,7,7,7,7,6,
	6,7,7,7,7,7,7,7,
	7,7,7,7,7,7,7,6,
	6,7,7,7,7,6,6,7,
	7,7,6,6,7,7,7,7,
	6,6,7,7,7,6,6,7,
	7,7,7,7,6,6,7,7,
	7,7,7,7,7,7,7,7,
	7,7,7,7,7,7,7,6,
	6,7,7,7,7,7,7,7,
	7,7,7,7,7,7,7,6,
	6,7,7,7,7,6,6,7,
	7,7,6,6,7,7,7,7,
	6,6,7,7,7,6,6,7,
	7,7,7,7,6,6,7,7,
	7,7,7,7,7,7,7,7,
	7,7,7,7,7,7,7,6,
	6,7,7,7,7,7,7,7,
	7,7,7,7,7,7,7,6,
	6,7,7,7,7,6,6,7,
	7,7,6,6,7,7,7,7,
	6,6,7,7,7,6,6,7,
	7,7,7,7,6,6,7,7,
	7,7,7,7,7,7,7,7,
	7,7,7,7,7,7,7,6,
	6,7,7,7,7,7,7,7,
	7,7,7,7,7,7,7,6,
	6,7,7,7,7,6,6,7,
	7,7,6,6,7,7,7,7,
	6,6,7,7,7,6,6,7,
	7,7,7,7,6,6,7,7,
	7,7,7,7,7,7,7,7,
	7,7,7,7,7,7,7,6,
	6,7,7,7,7,7,7,7,
	7,7,7,7,7,7,7,6,
	6,7,6,6,7,6,6,7,
	7,7,6,6,7,7,7,7,
	6,6,7,7,7,6,6,7,
	7,7,7,7,6,6,7,7,
	7,7,7,7,7,7,7,7,
	7,7,7,7,7,7,7,6,
	6,7,7,7,7,7,7,7,
	7,7,7,7,7,7,7,6,
	6,7,7,6,6,6,6,7,
	7,7,6,6,7,7,7,7,
	6,6,7,7,7,6,6,7,
	7,7,7,7,6,6,7,7,
	7,7,7,7,7,7,7,7,
	7,7,7,7,7,7,7,6,
	6,7,7,7,7,7,7,7,
	7,7,7,7,7,7,7,6,
	6,7,7,7,6,6,6,7,
	7,7,6,6,7,7,7,7,
	6,6,7,7,7,6,6,7,
	7,7,7,7,6,6,7,7,
	7,7,7,7,7,7,7,7,
	7,7,7,7,7,7,7,6,
	6,7,7,7,7,7,7,7,
	7,7,7,7,7,7,7,7,
	6,6,6,6,6,6,6,7,
	7,7,7,6,6,6,6,6,
	6,7,7,7,7,6,6,7,
	7,7,7,7,6,6,7,7,
	7,7,7,7,7,7,7,7,
	7,7,7,7,7,7,7,6,
	6,7,7,7,7,7,7,7,
	7,7,7,7,7,7,7,7,
	7,6,6,6,6,6,6,7,
	7,7,7,6,6,6,6,6,
	6,7,7,7,7,6,6,7,
	7,7,7,7,6,6,7,7,
	7,7,7,7,7,7,7,7,
	7,7,7,7,7,7,7,6,
	6,7,7,7,7,7,7,7,
	7,7,7,7,7,7,7,7,
	7,7,7,7,7,7,6,6,
	7,7,7,7,7,7,7,7,
	7,7,7,7,7,7,7,7,
	7,7,7,7,7,7,7,7,
	7,7,7,7,7,7,7,7,
	7,7,7,7,7,7,7,6,
	6,6,6,6,6,6,6,6,
	6,6,6,6,6,6,6,6,
	6,6,6,6,6,6,6,6,
	6,6,6,6,6,6,6,6,
	6,6,6,6,6,6,6,6,
	6,6,6,6,6,6,6,6,
	6,6,6,6,6,6,6,6,
	6,6,6,6,6,6,6,6,
};
