/*	@(#)cSUM	10.1	(MASSCOMP)	edited 3/27/89, built 5/4/89	*/
#define cSUM_width=64
#define cSUM_height=64
char cSUM_bits[] = {
	0,0,0,0,0,0,0,0,
	0,0,0,0,0,0,0,0,
	0,0,0,0,0,0,0,0,
	0,0,0,0,0,0,0,0,
	0,0,0,0,0,0,0,0,
	0,0,0,0,0,0,0,0,
	0,0,0,0,0,0,0,0,
	0,0,0,7,7,7,7,7,
	0,7,7,7,7,7,7,7,
	7,7,7,7,7,7,7,7,
	7,7,7,7,7,7,7,7,
	7,7,7,7,7,7,7,7,
	7,7,7,7,7,7,7,7,
	7,7,7,7,7,7,7,7,
	7,7,7,7,7,7,7,7,
	7,7,0,0,7,7,7,7,
	0,7,7,7,7,7,7,7,
	7,7,7,7,7,7,7,7,
	7,7,7,7,7,7,7,7,
	7,7,7,7,7,7,7,7,
	7,7,7,7,7,7,7,7,
	7,7,7,7,7,7,7,7,
	7,7,7,7,7,7,7,7,
	7,7,0,0,0,0,7,7,
	0,7,7,7,7,7,7,7,
	7,7,7,7,7,7,7,7,
	7,7,7,7,7,7,7,7,
	7,7,7,7,1,1,1,1,
	7,7,7,7,7,1,7,7,
	7,7,7,7,7,7,7,7,
	7,7,7,7,7,7,7,7,
	7,7,0,7,0,0,0,7,
	0,7,7,7,7,7,7,7,
	7,7,7,7,7,7,7,1,
	1,7,7,7,7,7,7,7,
	7,7,1,1,1,7,7,7,
	1,1,1,1,1,1,7,7,
	7,7,7,7,7,7,7,7,
	7,7,7,7,7,7,7,7,
	7,7,0,0,7,0,0,0,
	0,7,7,7,7,7,7,7,
	7,7,7,7,7,7,7,7,
	1,1,7,7,7,7,7,7,
	7,7,1,7,7,7,7,7,
	7,7,7,7,1,7,7,7,
	7,7,7,7,7,7,7,7,
	7,7,7,7,7,7,7,7,
	7,7,0,0,0,0,7,0,
	0,7,7,7,7,7,7,7,
	7,7,7,7,7,7,7,7,
	1,7,1,7,7,7,7,7,
	7,7,1,7,7,7,7,7,
	7,7,7,1,1,7,7,7,
	7,7,7,7,7,7,7,7,
	7,7,7,7,7,7,7,7,
	7,7,0,0,0,7,0,0,
	0,7,7,7,7,7,7,7,
	7,7,7,7,7,7,7,7,
	1,7,1,1,1,7,7,7,
	7,7,1,7,7,7,7,7,
	7,7,1,1,7,7,7,7,
	7,7,7,7,7,7,7,7,
	7,7,7,7,7,7,7,7,
	7,7,0,7,0,0,0,7,
	0,7,7,7,7,7,7,7,
	7,7,7,7,7,7,7,1,
	7,7,7,7,7,1,7,7,
	7,7,1,1,7,7,7,7,
	7,7,1,7,7,7,7,7,
	7,1,1,1,1,7,7,7,
	7,7,7,7,7,7,7,7,
	7,7,0,0,7,0,0,0,
	0,7,7,7,7,7,7,7,
	7,7,7,7,7,7,1,1,
	7,7,7,7,7,7,1,7,
	7,7,7,7,7,7,7,7,
	7,7,7,7,7,7,7,7,
	1,7,7,7,7,1,7,7,
	7,7,7,7,7,7,7,7,
	7,7,0,0,0,0,7,0,
	0,7,7,7,7,7,7,7,
	7,7,7,7,7,7,1,7,
	7,7,7,7,7,7,1,7,
	7,7,7,7,7,7,7,7,
	7,7,7,7,7,7,7,1,
	7,7,7,7,7,7,1,1,
	1,7,7,7,7,7,7,7,
	7,7,0,0,0,7,0,0,
	0,7,7,7,7,7,7,7,
	7,7,7,7,7,1,7,7,
	7,7,7,7,7,7,7,7,
	7,7,1,1,1,1,1,1,
	1,7,7,7,7,7,7,7,
	7,7,7,7,7,7,7,7,
	7,1,1,7,7,7,7,7,
	7,7,0,7,0,0,0,7,
	0,7,7,7,7,7,7,7,
	7,7,7,7,7,1,7,7,
	7,7,7,7,7,7,7,1,
	1,1,3,3,3,3,3,3,
	3,1,1,1,7,7,7,7,
	7,7,7,7,7,7,7,7,
	7,7,1,1,7,7,7,7,
	7,7,0,0,7,0,0,0,
	0,7,7,7,7,7,7,7,
	7,7,7,7,7,1,1,7,
	7,7,7,7,7,7,1,7,
	3,3,3,3,3,3,3,3,
	3,3,3,7,1,7,7,7,
	7,7,7,7,1,1,1,1,
	1,1,7,7,7,7,7,7,
	7,7,0,0,0,0,7,0,
	0,7,7,7,7,7,7,7,
	7,7,7,7,7,7,1,1,
	7,7,7,7,7,1,3,3,
	3,3,3,3,3,3,3,3,
	3,3,3,3,3,1,7,7,
	7,7,7,1,1,7,7,7,
	7,7,7,7,7,7,7,7,
	7,7,0,0,0,7,0,0,
	0,7,7,7,7,7,1,7,
	7,7,7,7,7,7,7,1,
	1,7,7,7,1,3,3,3,
	3,3,3,3,3,3,3,3,
	3,3,3,3,3,3,1,7,
	7,7,7,1,7,7,7,7,
	7,7,7,7,7,7,7,7,
	7,7,0,7,0,0,0,7,
	0,7,7,7,7,7,1,1,
	7,7,7,7,7,7,7,7,
	7,7,7,1,3,3,3,3,
	3,3,3,3,3,3,3,3,
	3,3,3,3,3,3,3,1,
	7,7,7,1,7,7,7,7,
	7,7,7,7,7,7,7,7,
	7,7,0,0,7,0,0,0,
	0,7,7,7,7,7,7,1,
	7,7,7,7,7,7,7,7,
	7,7,1,3,3,3,3,3,
	3,3,3,3,3,3,3,3,
	3,3,3,3,3,3,3,3,
	1,7,7,7,7,7,1,1,
	1,7,7,7,7,7,7,7,
	7,7,0,0,0,0,7,0,
	0,7,7,7,7,7,7,7,
	1,1,7,7,7,7,7,7,
	7,1,7,3,3,3,3,3,
	3,3,3,3,3,3,3,3,
	3,3,3,3,3,3,3,3,
	7,1,7,7,7,1,1,7,
	7,1,7,7,7,7,7,7,
	7,7,0,0,0,7,0,0,
	0,7,7,7,7,7,7,7,
	1,7,1,1,1,1,1,7,
	7,1,3,3,3,3,3,3,
	3,3,3,3,3,3,3,3,
	3,3,3,3,3,3,3,3,
	3,1,7,7,1,7,7,7,
	7,1,7,7,7,7,7,7,
	7,7,0,7,0,0,0,7,
	0,7,7,7,7,7,7,7,
	1,7,7,7,7,7,1,7,
	7,1,3,3,3,3,3,3,
	3,3,3,3,3,3,3,3,
	3,3,3,3,3,3,3,3,
	3,1,7,7,7,7,7,7,
	7,7,1,7,7,7,7,7,
	7,7,0,0,7,0,0,0,
	0,7,7,7,7,7,7,7,
	1,7,7,7,7,7,1,7,
	1,3,3,3,3,3,3,3,
	3,3,3,3,3,3,3,3,
	3,3,3,3,3,3,3,3,
	3,3,1,7,7,7,7,7,
	7,7,1,7,7,7,7,7,
	7,7,0,0,0,0,7,0,
	0,7,7,7,7,7,7,7,
	1,7,7,7,7,7,7,7,
	1,3,3,3,3,3,3,3,
	3,3,3,3,3,3,3,3,
	3,3,3,3,3,3,3,3,
	3,3,1,7,7,7,7,7,
	7,1,7,7,7,7,7,7,
	7,7,0,0,0,7,0,0,
	0,7,7,7,7,7,7,7,
	1,7,7,7,7,7,7,7,
	1,3,3,3,3,3,3,3,
	3,3,3,3,3,3,3,3,
	3,3,3,3,3,3,3,3,
	3,3,1,7,7,7,7,7,
	7,1,1,7,7,7,7,7,
	7,7,0,7,0,0,0,7,
	0,7,7,7,7,7,7,7,
	1,7,7,7,7,7,7,7,
	1,3,3,3,3,3,3,3,
	3,3,3,3,3,3,3,3,
	3,3,3,3,3,3,3,3,
	3,3,1,7,7,7,7,7,
	7,7,1,7,7,7,7,7,
	7,7,0,0,7,0,0,0,
	0,7,7,7,7,7,7,7,
	1,7,7,7,7,7,7,7,
	1,3,3,3,3,3,3,3,
	3,3,3,3,3,3,3,3,
	3,3,3,3,3,3,3,3,
	3,3,1,7,7,1,1,1,
	1,7,1,1,7,7,7,7,
	7,7,0,0,0,0,7,0,
	0,7,7,7,7,7,7,7,
	1,7,7,7,7,7,7,7,
	1,3,3,3,3,3,3,3,
	3,3,3,3,3,3,3,3,
	3,3,3,3,3,3,3,3,
	3,3,1,7,7,1,7,7,
	1,7,7,7,1,7,7,7,
	7,7,0,0,0,7,0,0,
	0,7,7,7,7,7,7,7,
	1,1,7,7,1,7,7,7,
	1,3,3,3,3,3,3,3,
	3,3,3,3,3,3,3,3,
	3,3,3,3,3,3,3,3,
	3,3,1,7,7,7,7,7,
	7,1,1,1,1,7,7,7,
	7,7,0,7,0,0,0,7,
	0,7,7,7,7,7,7,7,
	7,1,1,1,1,1,1,7,
	7,1,3,3,3,3,3,3,
	3,3,3,3,3,3,3,3,
	3,3,3,3,3,3,3,3,
	3,1,7,7,7,7,7,7,
	7,7,7,7,7,7,7,7,
	7,7,0,0,7,0,0,0,
	0,7,7,7,7,7,7,7,
	7,7,7,7,7,7,7,7,
	7,1,3,3,3,3,3,3,
	3,3,3,3,3,3,3,3,
	3,3,3,3,3,3,3,3,
	3,1,7,7,7,7,7,7,
	7,7,7,7,7,7,7,7,
	7,7,0,0,0,0,7,0,
	0,7,7,7,7,7,7,7,
	7,7,7,7,7,7,7,7,
	7,1,7,3,3,3,3,3,
	3,3,3,3,3,3,3,3,
	3,3,3,3,3,3,3,3,
	7,1,7,7,7,7,7,7,
	7,7,7,7,7,7,7,7,
	7,7,0,0,0,7,0,0,
	0,7,7,7,7,7,7,7,
	7,7,7,7,7,7,7,7,
	7,7,1,3,3,3,3,3,
	3,3,3,3,3,3,3,3,
	3,3,3,3,3,3,3,3,
	1,7,7,7,1,1,1,7,
	7,7,7,7,7,7,7,7,
	7,7,0,7,0,0,0,7,
	0,7,7,7,7,7,7,7,
	7,7,7,7,7,7,7,7,
	1,7,7,1,3,3,3,3,
	3,3,3,3,3,3,3,3,
	3,3,3,3,3,3,3,1,
	7,7,7,7,7,7,7,1,
	7,7,7,7,7,7,7,7,
	7,7,0,0,7,0,0,0,
	0,7,7,7,7,7,7,7,
	7,1,7,7,7,7,7,1,
	1,7,7,7,1,3,3,3,
	3,3,3,3,3,3,3,3,
	3,3,3,3,3,3,1,7,
	7,7,7,7,7,7,7,1,
	7,7,7,7,7,7,7,7,
	7,7,0,0,0,0,7,0,
	0,7,7,7,7,7,7,7,
	7,1,1,1,7,7,1,1,
	7,7,7,7,7,1,3,3,
	3,3,3,3,3,3,3,3,
	3,3,3,3,3,1,7,7,
	7,7,7,7,7,7,7,1,
	7,7,7,7,7,7,7,7,
	7,7,0,0,0,7,0,0,
	0,7,7,7,7,7,7,7,
	7,1,7,7,1,1,7,7,
	7,7,7,7,7,7,1,7,
	3,3,3,3,3,3,3,3,
	3,3,3,7,1,7,7,7,
	7,7,7,7,7,7,1,1,
	7,7,7,7,7,7,7,7,
	7,7,0,7,0,0,0,7,
	0,7,7,7,7,7,7,7,
	7,7,1,7,7,7,7,7,
	7,7,7,7,7,7,7,1,
	1,1,3,3,3,3,3,3,
	3,1,1,1,7,7,7,1,
	1,1,7,7,7,1,1,7,
	7,7,7,7,7,7,7,7,
	7,7,0,0,7,0,0,0,
	0,7,7,7,7,7,7,7,
	7,7,1,7,7,7,7,7,
	7,7,7,7,7,1,7,7,
	7,7,1,1,1,1,1,1,
	1,7,7,7,7,7,7,7,
	7,7,1,7,7,1,7,7,
	7,7,7,7,7,7,7,7,
	7,7,0,0,0,0,7,0,
	0,7,7,7,7,7,7,7,
	7,7,7,1,7,7,7,7,
	7,7,7,7,1,7,7,7,
	7,7,7,7,7,7,7,7,
	7,7,7,7,7,7,7,7,
	7,7,1,7,7,1,1,7,
	7,7,7,7,7,7,7,7,
	7,7,0,0,0,7,0,0,
	0,7,7,7,7,7,7,7,
	7,7,7,1,1,1,1,1,
	1,1,7,7,1,7,7,7,
	7,7,1,7,7,7,7,7,
	7,1,7,7,7,7,7,7,
	7,7,7,1,7,7,1,1,
	7,7,7,7,7,7,7,7,
	7,7,0,7,0,0,0,7,
	0,7,7,7,7,7,7,7,
	7,7,7,7,7,7,7,7,
	7,1,1,1,1,7,7,7,
	7,1,1,7,7,7,7,7,
	7,1,1,7,7,7,7,7,
	7,7,7,7,1,1,1,1,
	1,7,7,7,7,7,7,7,
	7,7,0,0,7,0,0,0,
	0,7,7,7,7,7,7,7,
	7,7,7,7,7,7,7,7,
	7,7,7,7,7,7,7,7,
	1,7,7,7,7,7,7,7,
	7,7,7,1,7,7,7,7,
	7,7,7,7,7,7,7,7,
	7,7,7,7,7,7,7,7,
	7,7,0,0,0,0,7,0,
	0,7,7,7,7,7,7,7,
	7,7,7,7,7,7,7,7,
	7,7,7,7,7,7,7,7,
	1,7,7,7,7,7,7,7,
	7,7,1,7,7,7,7,7,
	7,7,7,7,7,7,7,7,
	7,7,7,7,7,7,7,7,
	7,7,0,0,0,7,0,0,
	0,7,7,7,7,7,7,7,
	7,7,7,7,7,7,7,7,
	7,7,7,7,7,7,7,1,
	1,1,1,1,1,1,7,7,
	1,1,1,7,7,7,7,7,
	7,7,7,7,7,7,7,7,
	7,7,7,7,7,7,7,7,
	7,7,0,7,0,0,0,7,
	0,7,7,7,7,7,7,7,
	7,7,7,7,7,7,7,7,
	7,7,7,7,7,7,1,1,
	1,7,7,7,7,7,1,1,
	7,7,7,7,7,7,7,7,
	7,7,7,7,7,7,7,7,
	7,7,7,7,7,7,7,7,
	7,7,0,0,7,0,0,0,
	0,7,7,7,7,7,7,7,
	7,7,7,7,7,7,7,7,
	7,7,7,7,7,7,7,7,
	7,7,7,7,7,7,7,7,
	7,7,7,7,7,7,7,7,
	7,7,7,7,7,7,7,7,
	7,7,7,7,7,7,7,7,
	7,7,0,0,0,0,7,0,
	0,7,7,7,7,7,7,7,
	7,7,7,7,7,7,7,7,
	7,7,7,7,7,7,7,7,
	7,7,7,7,7,7,7,7,
	7,7,7,7,7,7,7,7,
	7,7,7,7,7,7,7,7,
	7,7,7,7,7,7,7,7,
	7,7,0,0,0,7,0,0,
	0,7,7,7,7,7,7,7,
	7,7,7,7,7,7,7,7,
	7,7,7,7,7,7,7,7,
	7,7,7,7,7,7,7,7,
	7,7,7,7,7,7,7,7,
	7,7,7,7,7,7,7,7,
	7,7,7,7,7,7,7,7,
	7,7,0,7,0,0,0,7,
	0,7,7,7,7,7,7,7,
	1,1,1,1,7,7,7,1,
	1,7,7,1,1,7,1,1,
	7,7,7,1,1,7,1,1,
	7,7,7,1,1,7,7,1,
	1,1,1,1,1,7,7,1,
	1,1,1,1,7,7,7,7,
	7,7,0,0,7,0,0,0,
	0,7,7,7,7,7,7,1,
	1,7,7,1,1,7,7,1,
	1,7,7,1,1,7,1,1,
	7,7,7,1,1,7,1,1,
	7,7,7,1,1,7,7,1,
	1,7,7,7,7,7,7,1,
	1,7,7,1,1,7,7,7,
	7,7,0,0,0,0,7,0,
	0,7,7,7,7,7,7,1,
	1,7,7,7,7,7,7,1,
	1,7,7,1,1,7,1,1,
	1,7,1,1,1,7,1,1,
	1,7,1,1,1,7,7,1,
	1,7,7,7,7,7,7,1,
	1,7,7,1,1,7,7,7,
	7,7,0,0,0,7,0,0,
	0,7,7,7,7,7,7,7,
	1,1,7,7,7,7,7,1,
	1,7,7,1,1,7,1,1,
	1,7,1,1,1,7,1,1,
	1,7,1,1,1,7,7,1,
	1,7,7,7,7,7,7,1,
	1,7,7,1,1,7,7,7,
	7,7,0,7,0,0,0,7,
	0,7,7,7,7,7,7,7,
	7,7,1,1,7,7,7,1,
	1,7,7,1,1,7,1,1,
	1,1,1,1,1,7,1,1,
	1,1,1,1,1,7,7,1,
	1,1,1,1,7,7,7,1,
	1,1,1,1,7,7,7,7,
	7,7,0,0,7,0,0,0,
	0,7,7,7,7,7,7,7,
	7,7,7,1,1,7,7,1,
	1,7,7,1,1,7,1,1,
	7,1,7,1,1,7,1,1,
	7,1,7,1,1,7,7,1,
	1,7,7,7,7,7,7,1,
	1,7,1,1,7,7,7,7,
	7,7,0,0,0,0,7,0,
	0,7,7,7,7,7,7,1,
	1,7,7,1,1,7,7,1,
	1,7,7,1,1,7,1,1,
	7,1,7,1,1,7,1,1,
	7,1,7,1,1,7,7,1,
	1,7,7,7,7,7,7,1,
	1,7,7,1,1,7,7,7,
	7,7,0,0,0,7,0,0,
	0,7,7,7,7,7,7,1,
	1,7,7,1,1,7,7,1,
	1,7,7,1,1,7,1,1,
	7,7,7,1,1,7,1,1,
	7,7,7,1,1,7,7,1,
	1,7,7,7,7,7,7,1,
	1,7,7,1,1,7,7,7,
	7,7,0,7,0,0,0,7,
	0,7,7,7,7,7,7,7,
	1,1,1,1,7,7,7,7,
	1,1,1,1,7,7,1,1,
	7,7,7,1,1,7,1,1,
	7,7,7,1,1,7,7,1,
	1,1,1,1,1,7,7,1,
	1,7,7,1,1,7,7,7,
	7,7,0,0,7,0,0,0,
	0,7,7,7,7,7,7,7,
	7,7,7,7,7,7,7,7,
	7,7,7,7,7,7,7,7,
	7,7,7,7,7,7,7,7,
	7,7,7,7,7,7,7,7,
	7,7,7,7,7,7,7,7,
	7,7,7,7,7,7,7,7,
	7,7,0,0,0,0,7,0,
	0,7,7,7,7,7,7,7,
	7,7,7,7,7,7,7,7,
	7,7,7,7,7,7,7,7,
	7,7,7,7,7,7,7,7,
	7,7,7,7,7,7,7,7,
	7,7,7,7,7,7,7,7,
	7,7,7,7,7,7,7,7,
	7,7,0,0,0,7,0,0,
	0,0,0,0,0,0,0,0,
	0,0,0,0,0,0,0,0,
	0,0,0,0,0,0,0,0,
	0,0,0,0,0,0,0,0,
	0,0,0,0,0,0,0,0,
	0,0,0,0,0,0,0,0,
	0,0,0,0,0,0,0,0,
	0,0,0,7,0,0,0,7,
	7,0,7,7,0,7,7,7,
	0,7,7,7,0,7,7,7,
	0,7,7,7,0,7,7,7,
	0,7,7,7,0,7,7,7,
	0,7,7,7,0,7,7,7,
	0,7,7,7,0,7,7,7,
	0,7,7,7,0,7,7,7,
	0,7,7,0,0,7,7,0,
	7,7,0,7,7,7,0,7,
	7,7,0,7,7,7,0,7,
	7,7,0,7,7,7,0,7,
	7,7,0,7,7,7,0,7,
	7,7,0,7,7,7,0,7,
	7,7,0,7,7,7,0,7,
	7,7,0,7,7,7,0,7,
	7,7,0,7,0,0,0,0,
	7,7,7,0,7,0,7,7,
	7,0,7,7,7,0,7,7,
	7,0,7,7,7,0,7,7,
	7,0,7,7,7,0,7,7,
	7,0,7,7,7,0,7,7,
	7,0,7,7,7,0,7,7,
	7,0,7,7,7,0,7,7,
	7,0,7,7,7,0,0,0,
	7,7,7,7,0,7,7,0,
	7,7,7,0,7,7,7,0,
	7,7,7,0,7,7,7,0,
	7,7,7,0,7,7,7,0,
	7,7,7,0,7,7,7,0,
	7,7,7,0,7,7,7,0,
	7,7,7,0,7,7,7,0,
	7,7,7,0,7,7,7,0,
};
