/*	@(#)cUNDO	10.1	(MASSCOMP)	edited 3/27/89, built 5/4/89	*/
#define cUNDO_width=64
#define cUNDO_height=16
static char cUNDO_bits[] = {
	5,5,5,5,5,5,5,5,
	5,5,5,5,5,5,5,5,
	5,5,5,5,5,5,5,5,
	5,5,5,5,5,5,5,5,
	5,5,5,5,5,5,5,5,
	5,5,5,5,5,5,5,5,
	5,5,5,5,5,5,5,5,
	5,5,5,5,5,5,5,5,
	5,7,7,7,7,7,7,7,
	7,7,7,7,7,7,7,7,
	7,7,7,7,7,7,7,7,
	7,7,7,7,7,7,7,7,
	7,7,7,7,7,7,7,7,
	7,7,7,7,7,7,7,7,
	7,7,7,7,7,7,7,7,
	7,7,7,7,7,7,7,5,
	5,7,7,7,7,7,7,7,
	7,7,7,7,5,5,7,7,
	7,7,5,5,7,7,7,5,
	5,7,7,7,7,5,5,7,
	7,7,5,5,5,5,5,5,
	7,7,7,7,7,7,7,5,
	5,5,5,7,7,7,7,7,
	7,7,7,7,7,7,7,5,
	5,7,7,7,7,7,7,7,
	7,7,7,7,5,5,7,7,
	7,7,5,5,7,7,7,5,
	5,5,7,7,7,5,5,7,
	7,7,5,5,5,5,5,5,
	5,7,7,7,7,7,5,5,
	5,5,5,5,7,7,7,7,
	7,7,7,7,7,7,7,5,
	5,7,7,7,7,7,7,7,
	7,7,7,7,5,5,7,7,
	7,7,5,5,7,7,7,5,
	5,5,5,7,7,5,5,7,
	7,7,5,5,7,7,7,5,
	5,5,7,7,7,5,5,7,
	7,7,7,5,5,7,7,7,
	7,7,7,7,7,7,7,5,
	5,7,7,7,7,7,7,7,
	7,7,7,7,5,5,7,7,
	7,7,5,5,7,7,7,5,
	5,5,5,7,7,5,5,7,
	7,7,5,5,7,7,7,7,
	5,5,7,7,7,5,5,7,
	7,7,7,5,5,7,7,7,
	7,7,7,7,7,7,7,5,
	5,7,7,7,7,7,7,7,
	7,7,7,7,5,5,7,7,
	7,7,5,5,7,7,7,5,
	5,7,5,5,7,5,5,7,
	7,7,5,5,7,7,7,7,
	5,5,7,7,7,5,5,7,
	7,7,7,5,5,7,7,7,
	7,7,7,7,7,7,7,5,
	5,7,7,7,7,7,7,7,
	7,7,7,7,5,5,7,7,
	7,7,5,5,7,7,7,5,
	5,7,5,5,7,5,5,7,
	7,7,5,5,7,7,7,7,
	5,5,7,7,7,5,5,7,
	7,7,7,5,5,7,7,7,
	7,7,7,7,7,7,7,5,
	5,7,7,7,7,7,7,7,
	7,7,7,7,5,5,7,7,
	7,7,5,5,7,7,7,5,
	5,7,7,5,5,5,5,7,
	7,7,5,5,7,7,7,7,
	5,5,7,7,7,5,5,7,
	7,7,7,5,5,7,7,7,
	7,7,7,7,7,7,7,5,
	5,7,7,7,7,7,7,7,
	7,7,7,7,5,5,7,7,
	7,7,5,5,7,7,7,5,
	5,7,7,5,5,5,5,7,
	7,7,5,5,7,7,7,7,
	5,5,7,7,7,5,5,7,
	7,7,7,5,5,7,7,7,
	7,7,7,7,7,7,7,5,
	5,7,7,7,7,7,7,7,
	7,7,7,7,5,5,7,7,
	7,7,5,5,7,7,7,5,
	5,7,7,7,5,5,5,7,
	7,7,5,5,7,7,7,7,
	5,5,7,7,7,5,5,7,
	7,7,7,5,5,7,7,7,
	7,7,7,7,7,7,7,5,
	5,7,7,7,7,7,7,7,
	7,7,7,7,5,5,7,7,
	7,7,5,5,7,7,7,5,
	5,7,7,7,5,5,5,7,
	7,7,5,5,7,7,7,5,
	5,5,7,7,7,5,5,7,
	7,7,7,5,5,7,7,7,
	7,7,7,7,7,7,7,5,
	5,7,7,7,7,7,7,7,
	7,7,7,7,7,5,5,5,
	5,5,5,7,7,7,7,5,
	5,7,7,7,7,5,5,7,
	7,7,5,5,5,5,5,5,
	5,7,7,7,7,7,5,5,
	5,5,5,5,7,7,7,7,
	7,7,7,7,7,7,7,5,
	5,7,7,7,7,7,7,7,
	7,7,7,7,7,5,5,5,
	5,5,5,7,7,7,7,5,
	5,7,7,7,7,5,5,7,
	7,7,5,5,5,5,5,5,
	7,7,7,7,7,7,7,5,
	5,5,5,7,7,7,7,7,
	7,7,7,7,7,7,7,5,
	5,7,7,7,7,7,7,7,
	7,7,7,7,7,7,7,7,
	7,7,7,7,7,7,7,7,
	7,7,7,7,7,7,7,7,
	7,7,7,7,7,7,7,7,
	7,7,7,7,7,7,7,7,
	7,7,7,7,7,7,7,7,
	7,7,7,7,7,7,7,5,
	5,5,5,5,5,5,5,5,
	5,5,5,5,5,5,5,5,
	5,5,5,5,5,5,5,5,
	5,5,5,5,5,5,5,5,
	5,5,5,5,5,5,5,5,
	5,5,5,5,5,5,5,5,
	5,5,5,5,5,5,5,5,
	5,5,5,5,5,5,5,5,
};
