/*	@(#)cWIN	10.1	(MASSCOMP)	edited 3/27/89, built 5/4/89	*/
#define cWIN_width=64
#define cWIN_height=64
char cWIN_bits[] = {
	0,0,0,0,0,0,0,0,
	0,0,0,0,0,0,0,0,
	0,0,0,0,0,0,0,0,
	0,0,0,0,0,0,0,0,
	0,0,0,0,0,0,0,0,
	0,0,0,0,0,0,0,0,
	0,0,0,0,0,0,0,0,
	0,0,0,7,7,7,7,7,
	0,7,7,7,7,7,7,7,
	7,7,7,7,7,7,7,7,
	7,7,7,7,7,7,7,7,
	7,7,7,7,7,7,7,7,
	7,7,7,7,7,7,7,7,
	7,7,7,7,7,7,7,7,
	7,7,7,7,7,7,7,7,
	7,7,0,0,7,7,7,7,
	0,7,7,7,7,7,7,7,
	7,7,7,7,7,7,7,7,
	7,7,7,7,7,7,7,7,
	7,7,7,7,7,7,7,7,
	7,7,7,7,7,7,7,7,
	7,7,7,7,7,7,7,7,
	7,7,7,7,7,7,7,7,
	7,7,0,0,0,0,7,7,
	0,7,7,7,7,7,7,7,
	7,7,7,7,7,7,7,7,
	7,7,7,7,7,7,7,7,
	7,7,7,7,6,6,6,7,
	7,7,7,7,7,7,7,7,
	7,7,7,7,7,7,7,7,
	7,7,7,7,7,7,7,7,
	7,7,0,7,0,0,0,7,
	0,7,7,7,7,7,7,7,
	7,7,7,7,7,7,7,7,
	7,7,7,7,7,7,7,7,
	7,7,7,7,6,6,6,7,
	7,7,7,7,7,7,7,7,
	7,7,7,7,7,7,7,7,
	7,7,7,7,7,7,7,7,
	7,7,0,0,7,0,0,0,
	0,7,7,7,7,7,7,7,
	7,7,7,7,7,7,7,7,
	7,7,7,7,7,7,7,7,
	7,7,7,7,6,6,6,7,
	7,7,7,7,7,7,7,7,
	7,7,7,7,7,7,7,7,
	7,7,7,7,7,7,7,7,
	7,7,0,0,0,0,7,0,
	0,7,7,7,7,7,7,7,
	7,7,7,7,7,7,7,7,
	7,7,7,7,7,7,7,7,
	7,7,7,7,7,6,7,7,
	7,7,7,7,7,7,7,7,
	7,7,7,7,7,7,7,7,
	7,7,7,7,7,7,7,7,
	7,7,0,0,0,7,0,0,
	0,7,7,7,7,7,7,7,
	7,7,7,7,7,7,7,7,
	7,7,7,7,7,7,7,7,
	7,7,7,7,7,6,7,7,
	7,7,7,7,7,7,7,7,
	7,7,7,7,7,7,7,7,
	7,7,7,7,7,7,7,7,
	7,7,0,7,0,0,0,7,
	0,7,7,7,7,7,7,7,
	7,7,7,7,7,6,6,6,
	7,7,7,7,7,7,7,7,
	7,7,7,7,7,6,7,7,
	7,7,7,7,7,7,7,7,
	7,7,7,6,6,6,7,7,
	7,7,7,7,7,7,7,7,
	7,7,0,0,7,0,0,0,
	0,7,7,7,7,7,7,7,
	7,7,7,7,7,6,6,6,
	7,7,7,7,7,7,7,6,
	7,7,7,7,7,6,7,7,
	7,7,7,6,7,7,7,7,
	7,7,7,6,6,6,7,7,
	7,7,7,7,7,7,7,7,
	7,7,0,0,0,0,7,0,
	0,7,7,7,7,7,7,7,
	7,7,7,7,7,6,6,6,
	7,7,7,7,7,7,7,6,
	7,7,7,7,7,6,7,7,
	7,7,7,6,7,7,7,7,
	7,7,7,6,6,6,7,7,
	7,7,7,7,7,7,7,7,
	7,7,0,0,0,7,0,0,
	0,7,7,7,7,7,7,7,
	7,7,7,7,7,7,7,7,
	6,7,7,7,7,7,7,7,
	6,7,7,7,7,6,7,7,
	7,7,6,7,7,7,7,7,
	7,7,6,7,7,7,7,7,
	7,7,7,7,7,7,7,7,
	7,7,0,7,0,0,0,7,
	0,7,7,7,7,7,7,7,
	7,7,7,7,7,7,7,7,
	7,6,7,7,7,7,7,7,
	6,7,7,7,7,6,7,7,
	7,7,6,7,7,7,7,7,
	7,6,7,7,7,7,7,7,
	7,7,7,7,7,7,7,7,
	7,7,0,0,7,0,0,0,
	0,7,7,7,7,7,7,7,
	7,7,7,7,7,7,7,7,
	7,7,6,7,7,7,7,7,
	7,6,6,6,6,6,6,6,
	6,7,6,7,7,7,7,7,
	6,7,7,7,7,7,7,7,
	7,7,7,7,7,7,7,7,
	7,7,0,0,0,0,7,0,
	0,7,7,7,7,7,7,7,
	7,7,7,7,7,7,7,7,
	7,7,7,6,7,7,7,7,
	6,6,7,7,7,6,7,7,
	7,6,6,7,7,7,7,6,
	7,7,7,7,7,7,7,7,
	7,7,7,7,7,7,7,7,
	7,7,0,0,0,7,0,0,
	0,7,7,7,7,7,7,7,
	7,7,7,7,7,7,7,7,
	7,7,7,7,6,7,7,6,
	7,6,7,7,7,6,7,7,
	7,6,7,6,7,7,6,7,
	7,7,7,7,7,7,7,7,
	7,7,7,7,7,7,7,7,
	7,7,0,7,0,0,0,7,
	0,7,7,7,7,7,7,7,
	7,7,7,7,7,7,7,7,
	7,7,7,7,7,6,6,7,
	7,7,6,6,6,6,6,6,
	7,6,7,7,6,6,7,7,
	7,7,7,7,7,7,7,7,
	7,7,7,7,7,7,7,7,
	7,7,0,0,7,0,0,0,
	0,7,7,7,7,7,7,7,
	7,7,7,7,7,7,7,7,
	7,7,7,7,7,6,6,7,
	7,6,6,7,7,6,7,7,
	6,6,7,7,6,6,7,7,
	7,7,7,7,6,7,7,7,
	7,7,7,7,7,7,7,7,
	7,7,0,0,0,0,7,0,
	0,7,7,7,7,7,7,7,
	7,7,7,7,7,7,7,6,
	6,7,7,7,6,7,7,6,
	6,7,7,6,7,6,7,7,
	6,7,6,6,7,7,6,7,
	7,7,6,6,7,7,7,7,
	7,7,7,7,7,7,7,7,
	7,7,0,0,0,7,0,0,
	0,7,7,7,7,7,7,7,
	7,7,7,7,7,7,7,7,
	7,6,6,6,7,7,7,6,
	6,7,7,6,7,6,7,7,
	6,7,6,6,7,7,7,6,
	6,6,7,7,7,7,7,7,
	7,7,7,7,7,7,7,7,
	7,7,0,7,0,0,0,7,
	0,7,7,7,7,7,7,7,
	7,7,7,7,7,7,7,7,
	7,7,7,6,6,7,6,7,
	7,6,7,6,7,6,7,6,
	7,6,7,7,6,7,6,6,
	7,7,7,7,7,7,7,7,
	7,7,7,7,7,7,7,7,
	7,7,0,0,7,0,0,0,
	0,7,7,7,7,7,7,7,
	7,7,7,7,7,7,7,7,
	7,7,6,7,7,6,6,6,
	7,7,6,7,6,6,6,6,
	6,7,7,6,6,6,7,7,
	6,7,7,7,7,7,7,7,
	7,7,7,7,7,7,7,7,
	7,7,0,0,0,0,7,0,
	0,7,7,7,7,7,7,7,
	7,7,7,7,7,7,7,7,
	7,7,6,7,7,6,7,7,
	6,6,7,6,6,6,6,6,
	7,6,6,7,7,6,7,7,
	6,7,7,7,7,7,7,7,
	7,7,7,7,7,7,7,7,
	7,7,0,0,0,7,0,0,
	0,7,7,7,7,7,7,6,
	6,6,7,7,7,7,7,7,
	7,7,6,7,7,6,7,7,
	7,7,6,6,6,6,6,6,
	6,7,7,7,7,6,7,7,
	6,7,7,7,7,7,7,7,
	7,6,6,6,7,7,7,7,
	7,7,0,7,0,0,0,7,
	0,7,7,7,7,7,7,6,
	6,6,6,6,6,6,6,6,
	6,6,6,6,6,6,6,6,
	6,6,6,6,6,6,6,6,
	6,6,6,6,6,6,6,6,
	6,6,6,6,6,6,6,6,
	6,6,6,6,7,7,7,7,
	7,7,0,0,7,0,0,0,
	0,7,7,7,7,7,7,6,
	6,6,7,7,7,7,7,7,
	7,7,6,7,7,6,7,7,
	7,7,6,6,6,6,6,6,
	6,7,7,7,7,6,7,7,
	6,7,7,7,7,7,7,7,
	7,6,6,6,7,7,7,7,
	7,7,0,0,0,0,7,0,
	0,7,7,7,7,7,7,7,
	7,7,7,7,7,7,7,7,
	7,7,6,7,7,6,7,6,
	6,6,7,6,6,6,6,6,
	7,6,6,6,7,6,7,7,
	6,7,7,7,7,7,7,7,
	7,7,7,7,7,7,7,7,
	7,7,0,0,0,7,0,0,
	0,7,7,7,7,7,7,7,
	7,7,7,7,7,7,7,7,
	7,7,6,7,7,6,6,7,
	7,7,6,7,6,6,6,7,
	6,7,7,7,6,6,6,7,
	6,7,7,7,7,7,7,7,
	7,7,7,7,7,7,7,7,
	7,7,0,7,0,0,0,7,
	0,7,7,7,7,7,7,7,
	7,7,7,7,7,7,7,7,
	7,7,6,6,6,7,6,7,
	7,6,7,6,7,6,7,6,
	7,6,7,7,6,7,7,6,
	6,7,7,7,7,7,7,7,
	7,7,7,7,7,7,7,7,
	7,7,0,0,7,0,0,0,
	0,7,7,7,7,7,7,7,
	7,7,7,7,7,7,7,7,
	6,6,7,6,7,7,7,6,
	6,7,7,6,7,6,7,6,
	7,7,6,6,7,7,7,6,
	7,6,6,6,7,7,7,7,
	7,7,7,7,7,7,7,7,
	7,7,0,0,0,0,7,0,
	0,7,7,7,7,7,7,7,
	7,7,7,7,7,7,6,6,
	7,7,7,7,6,7,7,6,
	6,7,6,7,7,6,7,7,
	6,7,6,6,7,7,6,7,
	7,7,7,7,6,6,7,7,
	7,7,7,7,7,7,7,7,
	7,7,0,0,0,7,0,0,
	0,7,7,7,7,7,7,7,
	7,7,7,7,7,7,7,7,
	7,7,7,7,7,6,6,7,
	7,6,6,7,7,6,7,7,
	6,6,7,7,6,6,7,7,
	7,7,7,7,7,7,7,7,
	7,7,7,7,7,7,7,7,
	7,7,0,7,0,0,0,7,
	0,7,7,7,7,7,7,7,
	7,7,7,7,7,7,7,7,
	7,7,7,7,7,6,6,7,
	7,7,6,6,6,6,6,6,
	6,7,7,7,6,6,7,7,
	7,7,7,7,7,7,7,7,
	7,7,7,7,7,7,7,7,
	7,7,0,0,7,0,0,0,
	0,7,7,7,7,7,7,7,
	7,7,7,7,7,7,7,7,
	7,7,7,7,6,7,7,6,
	7,6,7,7,7,6,7,7,
	7,6,7,6,7,7,6,7,
	7,7,7,7,7,7,7,7,
	7,7,7,7,7,7,7,7,
	7,7,0,0,0,0,7,0,
	0,7,7,7,7,7,7,7,
	7,7,7,7,7,7,7,7,
	7,7,7,6,7,7,7,7,
	6,6,7,7,7,6,7,7,
	7,6,6,7,7,7,7,6,
	7,7,7,7,7,7,7,7,
	7,7,7,7,7,7,7,7,
	7,7,0,0,0,7,0,0,
	0,7,7,7,7,7,7,7,
	7,7,7,7,7,7,7,7,
	7,7,6,7,7,7,7,7,
	6,7,6,6,6,6,6,6,
	6,7,6,7,7,7,7,7,
	6,7,7,7,7,7,7,7,
	7,7,7,7,7,7,7,7,
	7,7,0,7,0,0,0,7,
	0,7,7,7,7,7,7,7,
	7,7,7,7,7,7,7,7,
	7,6,7,7,7,7,7,7,
	6,7,7,7,7,6,7,7,
	7,7,6,7,7,7,7,7,
	7,6,7,7,7,7,7,7,
	7,7,7,7,7,7,7,7,
	7,7,0,0,7,0,0,0,
	0,7,7,7,7,7,7,7,
	7,7,7,7,7,7,7,7,
	6,7,7,7,7,7,7,6,
	7,7,7,7,7,6,7,7,
	7,7,7,6,7,7,7,7,
	7,7,6,7,7,7,7,7,
	7,7,7,7,7,7,7,7,
	7,7,0,0,0,0,7,0,
	0,7,7,7,7,7,7,7,
	7,7,7,7,7,6,6,6,
	7,7,7,7,7,7,7,6,
	7,7,7,7,7,6,7,7,
	7,7,7,6,7,7,7,7,
	7,7,7,6,6,6,7,7,
	7,7,7,7,7,7,7,7,
	7,7,0,0,0,7,0,0,
	0,7,7,7,7,7,7,7,
	7,7,7,7,7,6,6,6,
	7,7,7,7,7,7,7,7,
	7,7,7,7,7,6,7,7,
	7,7,7,7,7,7,7,7,
	7,7,7,6,6,6,7,7,
	7,7,7,7,7,7,7,7,
	7,7,0,7,0,0,0,7,
	0,7,7,7,7,7,7,7,
	7,7,7,7,7,6,6,6,
	7,7,7,7,7,7,7,7,
	7,7,7,7,7,6,7,7,
	7,7,7,7,7,7,7,7,
	7,7,7,6,6,6,7,7,
	7,7,7,7,7,7,7,7,
	7,7,0,0,7,0,0,0,
	0,7,7,7,7,7,7,7,
	7,7,7,7,7,7,7,7,
	7,7,7,7,7,7,7,7,
	7,7,7,7,7,6,7,7,
	7,7,7,7,7,7,7,7,
	7,7,7,7,7,7,7,7,
	7,7,7,7,7,7,7,7,
	7,7,0,0,0,0,7,0,
	0,7,7,7,7,7,7,7,
	7,7,7,7,7,7,7,7,
	7,7,7,7,7,7,7,7,
	7,7,7,7,7,6,7,7,
	7,7,7,7,7,7,7,7,
	7,7,7,7,7,7,7,7,
	7,7,7,7,7,7,7,7,
	7,7,0,0,0,7,0,0,
	0,7,7,7,7,7,7,7,
	7,7,7,7,7,7,7,7,
	7,7,7,7,7,7,7,7,
	7,7,7,7,7,6,7,7,
	7,7,7,7,7,7,7,7,
	7,7,7,7,7,7,7,7,
	7,7,7,7,7,7,7,7,
	7,7,0,7,0,0,0,7,
	0,7,7,7,7,7,7,7,
	7,7,7,7,7,7,7,7,
	7,7,7,7,7,7,7,7,
	7,7,7,7,6,6,6,7,
	7,7,7,7,7,7,7,7,
	7,7,7,7,7,7,7,7,
	7,7,7,7,7,7,7,7,
	7,7,0,0,7,0,0,0,
	0,7,7,7,7,7,7,7,
	7,7,7,7,7,7,7,7,
	7,7,7,7,7,7,7,7,
	7,7,7,7,6,6,6,7,
	7,7,7,7,7,7,7,7,
	7,7,7,7,7,7,7,7,
	7,7,7,7,7,7,7,7,
	7,7,0,0,0,0,7,0,
	0,7,7,7,7,7,7,7,
	7,7,7,7,7,7,7,7,
	7,7,7,7,7,7,7,7,
	7,7,7,7,6,6,6,7,
	7,7,7,7,7,7,7,7,
	7,7,7,7,7,7,7,7,
	7,7,7,7,7,7,7,7,
	7,7,0,0,0,7,0,0,
	0,7,7,7,7,7,7,7,
	7,7,7,7,7,7,7,7,
	7,7,7,7,7,7,7,7,
	7,7,7,7,7,7,7,7,
	7,7,7,7,7,7,7,7,
	7,7,7,7,7,7,7,7,
	7,7,7,7,7,7,7,7,
	7,7,0,7,0,0,0,7,
	0,7,7,7,7,7,1,1,
	7,7,7,7,1,1,7,1,
	1,1,1,1,1,7,7,1,
	1,7,7,1,1,7,7,1,
	1,1,1,1,1,7,7,1,
	1,1,1,1,1,7,7,1,
	1,1,1,1,7,7,7,7,
	7,7,0,0,7,0,0,0,
	0,7,7,7,7,7,1,1,
	7,7,7,7,1,1,7,7,
	7,1,1,7,7,7,7,1,
	1,7,7,1,1,7,7,7,
	7,1,1,7,7,7,7,1,
	1,7,7,7,7,7,7,1,
	1,7,7,1,1,7,7,7,
	7,7,0,0,0,0,7,0,
	0,7,7,7,7,7,1,1,
	7,1,1,7,1,1,7,7,
	7,1,1,7,7,7,7,1,
	1,1,7,1,1,7,7,7,
	7,1,1,7,7,7,7,1,
	1,7,7,7,7,7,7,1,
	1,7,7,1,1,7,7,7,
	7,7,0,0,0,7,0,0,
	0,7,7,7,7,7,7,1,
	7,1,1,7,1,7,7,7,
	7,1,1,7,7,7,7,1,
	1,1,7,1,1,7,7,7,
	7,1,1,7,7,7,7,1,
	1,7,7,7,7,7,7,1,
	1,7,7,1,1,7,7,7,
	7,7,0,7,0,0,0,7,
	0,7,7,7,7,7,7,1,
	1,1,1,1,1,7,7,7,
	7,1,1,7,7,7,7,1,
	1,1,1,1,1,7,7,7,
	7,1,1,7,7,7,7,1,
	1,1,1,1,7,7,7,1,
	1,1,1,1,7,7,7,7,
	7,7,0,0,7,0,0,0,
	0,7,7,7,7,7,7,1,
	1,1,1,1,1,7,7,7,
	7,1,1,7,7,7,7,1,
	1,7,1,1,1,7,7,7,
	7,1,1,7,7,7,7,1,
	1,7,7,7,7,7,7,1,
	1,7,1,1,7,7,7,7,
	7,7,0,0,0,0,7,0,
	0,7,7,7,7,7,7,1,
	1,7,7,1,1,7,7,7,
	7,1,1,7,7,7,7,1,
	1,7,1,1,1,7,7,7,
	7,1,1,7,7,7,7,1,
	1,7,7,7,7,7,7,1,
	1,7,7,1,1,7,7,7,
	7,7,0,0,0,7,0,0,
	0,7,7,7,7,7,7,7,
	1,7,7,1,7,7,7,7,
	7,1,1,7,7,7,7,1,
	1,7,7,1,1,7,7,7,
	7,1,1,7,7,7,7,1,
	1,7,7,7,7,7,7,1,
	1,7,7,1,1,7,7,7,
	7,7,0,7,0,0,0,7,
	0,7,7,7,7,7,7,7,
	1,7,7,1,7,7,7,1,
	1,1,1,1,1,7,7,1,
	1,7,7,1,1,7,7,7,
	7,1,1,7,7,7,7,1,
	1,1,1,1,1,7,7,1,
	1,7,7,1,1,7,7,7,
	7,7,0,0,7,0,0,0,
	0,7,7,7,7,7,7,7,
	7,7,7,7,7,7,7,7,
	7,7,7,7,7,7,7,7,
	7,7,7,7,7,7,7,7,
	7,7,7,7,7,7,7,7,
	7,7,7,7,7,7,7,7,
	7,7,7,7,7,7,7,7,
	7,7,0,0,0,0,7,0,
	0,7,7,7,7,7,7,7,
	7,7,7,7,7,7,7,7,
	7,7,7,7,7,7,7,7,
	7,7,7,7,7,7,7,7,
	7,7,7,7,7,7,7,7,
	7,7,7,7,7,7,7,7,
	7,7,7,7,7,7,7,7,
	7,7,0,0,0,7,0,0,
	0,0,0,0,0,0,0,0,
	0,0,0,0,0,0,0,0,
	0,0,0,0,0,0,0,0,
	0,0,0,0,0,0,0,0,
	0,0,0,0,0,0,0,0,
	0,0,0,0,0,0,0,0,
	0,0,0,0,0,0,0,0,
	0,0,0,7,0,0,0,7,
	7,0,7,7,0,7,7,7,
	0,7,7,7,0,7,7,7,
	0,7,7,7,0,7,7,7,
	0,7,7,7,0,7,7,7,
	0,7,7,7,0,7,7,7,
	0,7,7,7,0,7,7,7,
	0,7,7,7,0,7,7,7,
	0,7,7,0,0,7,7,0,
	7,7,0,7,7,7,0,7,
	7,7,0,7,7,7,0,7,
	7,7,0,7,7,7,0,7,
	7,7,0,7,7,7,0,7,
	7,7,0,7,7,7,0,7,
	7,7,0,7,7,7,0,7,
	7,7,0,7,7,7,0,7,
	7,7,0,7,0,0,0,0,
	7,7,7,0,7,0,7,7,
	7,0,7,7,7,0,7,7,
	7,0,7,7,7,0,7,7,
	7,0,7,7,7,0,7,7,
	7,0,7,7,7,0,7,7,
	7,0,7,7,7,0,7,7,
	7,0,7,7,7,0,7,7,
	7,0,7,7,7,0,0,0,
	7,7,7,7,0,7,7,0,
	7,7,7,0,7,7,7,0,
	7,7,7,0,7,7,7,0,
	7,7,7,0,7,7,7,0,
	7,7,7,0,7,7,7,0,
	7,7,7,0,7,7,7,0,
	7,7,7,0,7,7,7,0,
	7,7,7,0,7,7,7,0,
};
